0|Murmansk|Russia|468000|0|0|0|0|0|0|0|0|0|0|0|0|0|0|0|468|33.0860|68.9635|Murmansk
1|Arkhangelsk|Russia|416000|0|0|0|0|0|0|0|0|0|0|0|0|0|0|252|416|40.6462|64.5207|Arkhangelsk
2|Saint Petersburg|Russia|5825000|0|0|0|0|0|0|0|0|0|0|0|220|502|1439|2700|5825|30.4533|59.9519|Saint_Petersburg
3|Magadan|Russia|152000|0|0|0|0|0|0|0|0|0|0|0|0|0|0|0|152|150.7800|59.5710|Magadan
4|Perm|Russia|1160000|0|0|0|0|0|0|0|0|0|0|0|0|0|0|440|1160|56.2325|58.0002|Perm
5|Yekaterinburg|Russia|1620000|0|0|0|0|0|0|0|0|0|0|0|0|0|135|610|1620|60.6101|56.8465|Yekaterinburg
6|Nizhniy Novgorod|Russia|2025000|0|0|0|0|0|0|0|0|0|0|0|0|0|91|775|2025|43.9407|56.2897|Nizhny_Novgorod
7|Glasgow|United Kingdom|1800000|0|0|0|0|0|0|0|0|0|0|0|84|345|1015|1320|1800|-4.2699|55.8628|Glasgow
8|Kazan|Russia|1140000|0|0|0|0|0|0|0|0|0|0|0|0|0|143|505|1140|49.1455|55.7330|Kazan
9|Chelyabinsk|Russia|1325000|0|0|0|0|0|0|0|0|0|0|0|0|0|0|485|1325|61.3926|55.1450|Chelyabinsk
10|Omsk|Russia|1175000|0|0|0|0|0|0|0|0|0|0|0|0|0|0|430|1175|73.2503|55.0633|Omsk
11|Novosibirsk|Russia|1600000|0|0|0|0|0|0|0|0|0|0|0|0|0|0|605|1600|82.9428|55.0321|Novosibirsk
12|Ufa|Russia|1100000|0|0|0|0|0|0|0|0|0|0|0|0|0|0|245|1100|56.0961|54.8217|Ufa
13|Vilnius|Lithuania|582000|0|0|0|0|0|0|0|0|0|0|0|0|55|162|255|582|25.2760|54.6886|Vilnius
14|Belfast|United Kingdom|685000|0|0|0|0|0|0|0|0|0|0|0|0|99|335|475|685|-5.9097|54.5869|Belfast
15|Gdańsk|Poland|909000|0|0|0|0|0|0|0|0|0|0|0|60|64|140|445|909|18.6249|54.3662|Gdańsk
16|Minsk|Byelarus|1650000|0|0|0|0|0|0|0|0|0|0|0|0|0|94|300|1650|27.5756|53.8999|Minsk
17|Leeds|United Kingdom|1540000|0|0|0|0|0|0|0|0|0|0|0|51|184|436|575|1540|-1.5481|53.8048|Leeds
18|Hamburg|Germany|2225000|0|0|0|0|0|0|0|0|0|0|63|117|194|895|1580|2225|10.0276|53.5711|Hamburg
19|Manchester|United Kingdom|2775000|0|0|0|0|0|0|0|0|0|0|0|81|412|1435|2382|2775|-2.2618|53.4797|Manchester
20|Sheffield|United Kingdom|710000|0|0|0|0|0|0|0|0|0|0|0|0|143|403|730|710|-1.4630|53.3740|Sheffield
21|Dublin|Ireland|1140000|0|0|0|0|0|0|0|0|0|0|80|165|263|382|595|1140|-6.2573|53.3416|Dublin
22|Samara|Russia|1505000|0|0|0|0|0|0|0|0|0|0|0|0|0|99|650|1505|50.0962|53.1386|Samara|_Russia
23|Bremen|Germany|800000|0|0|0|0|0|0|0|0|0|0|0|0|0|182|490|800|8.8576|53.0801|Bremen
24|Berlin|Germany|5061248|0|0|0|0|0|0|0|0|0|0|0|172|446|2707|3707|5061|13.3276|52.5163|Berlin
25|Birmingham|United Kingdom|2675000|0|0|0|0|0|0|0|0|0|0|0|71|294|1248|2196|2675|-1.8924|52.4852|Birmingham
26|Amsterdam|Netherlands|1860000|0|0|0|0|0|0|0|0|0|0|210|195|225|510|859|1860|4.8948|52.3730|Amsterdam
27|Irkutsk|Russia|626000|0|0|0|0|0|0|0|0|0|0|0|0|0|0|288|626|104.2478|52.3174|Irkutsk
28|Warsaw|Poland|2323000|0|0|0|0|0|0|0|0|10|40|90|175|263|724|823|2323|21.0119|52.2449|Warsaw
29|Rotterdam|Netherlands|1110000|0|0|0|0|0|0|0|0|0|0|0|60|111|368|803|1110|4.4852|51.9256|Rotterdam
30|Łódź|Poland|1061000|0|0|0|0|0|0|0|0|0|0|0|0|0|351|690|1061|19.4764|51.7779|Łódź
31|Dortmund|Germany|568164|0|0|0|0|0|0|0|0|0|0|0|0|0|142|507|568|7.4664|51.5138|Dortmund
32|Duisburg|Germany|514628|0|0|0|0|0|0|0|0|0|0|0|0|0|0|0|515|6.7753|51.4893|Duisburg
33|London|United Kingdom|11100000|30|0|0|0|0|40|45|50|50|187|550|861|2320|6480|8860|11100|-0.1780|51.4879|London
34|Essen|Germany|3867000|0|0|0|0|0|0|0|0|0|0|0|0|0|0|0|3867|7.1224|51.3540|Essen
35|Leipzig|Germany|700000|0|0|0|0|0|0|0|0|0|0|0|0|63|532|645|700|12.3981|51.3493|Leipzig
36|Antwerp|Belgium|1100000|0|0|0|0|0|0|0|0|0|0|67|53|103|361|610|1100|4.4261|51.2073|Antwerp
37|Wrocław|Poland|640200|0|0|0|0|0|0|0|0|0|0|0|64|115|432|279|640|17.0381|51.1218|Wrocław
38|Ghent|Belgium|465000|0|0|0|0|0|0|42|70|80|70|60|51|108|198|228|465|3.7363|51.0476|Ghent
39|Dresden|Germany|670000|0|0|0|0|0|0|0|0|0|0|0|61|97|540|635|670|13.7054|51.0457|Dresden
40|Calgary|Canada|671326|0|0|0|0|0|0|0|0|0|0|0|0|0|0|0|671|-114.0500|51.0300|Calgary
41|Cologne|Germany|1760000|0|0|0|0|0|50|52|0|0|0|0|0|95|437|692|1760|6.9349|50.9423|Cologne
42|Brussels|Belgium|2385000|0|0|0|0|0|0|0|0|0|0|70|66|210|561|964|2385|4.3676|50.8370|Brussels
43|Bonn|Germany|570000|0|0|0|0|0|0|0|0|0|0|0|0|0|0|201|570|7.0998|50.7346|Bonn
44|Lille|France|1020000|0|0|0|0|0|0|0|0|0|0|0|55|99|289|670|1020|3.0629|50.6321|Lille
45|Liège|Belgium|750000|0|0|0|0|0|0|0|0|0|0|0|0|92|295|450|750|5.5694|50.6225|Liège
46|Kiev|Ukraine|2900000|0|0|0|45|50|0|0|0|0|0|0|0|0|300|800|2900|30.5021|50.4482|Kiev
47|Frankfurt|Germany|1855000|0|0|0|0|0|0|0|0|0|0|0|0|72|350|680|1855|8.6682|50.1300|Frankfurt
48|Prague|Czech Republic|1325000|0|0|0|0|0|0|40|95|70|110|100|77|117|474|951|1325|14.4565|50.1059|Prague
49|Kraków|Poland|828000|0|0|0|0|0|0|15|20|30|40|60|90|100|108|347|828|19.9451|50.0622|Kraków
50|Winnipeg|Canada|625304|0|0|0|0|0|0|0|0|0|0|0|0|0|0|292|625|-97.1244|49.9212|Winnipeg
51|Karaganda|Kazakhstan|614000|0|0|0|0|0|0|0|0|0|0|0|0|0|0|270|614|73.2026|49.8792|Karaganda
52|Lviv|Ukraine|790000|0|0|0|0|0|0|0|0|0|0|0|0|71|159|300|790|24.0345|49.8373|Lviv
53|Brno|Czech Republic|450000|0|0|0|0|0|0|0|0|0|0|0|0|0|0|272|450|16.6162|49.2030|Brno
54|Paris|France|9775000|0|0|0|0|90|110|228|280|185|245|530|547|1314|3330|5900|9775|2.4328|48.8816|Paris
55|Volgograd|Russia|1360000|0|0|0|0|0|0|0|0|0|0|0|0|0|0|0|1360|44.4836|48.7102|Volgograd
56|Strasbourg|France|400000|0|0|0|0|0|0|0|0|0|0|0|0|75|172|230|400|7.7313|48.5795|Strasbourg
57|Linz|Austria|335000|0|0|0|0|0|0|0|0|0|0|0|0|0|0|0|335|14.2939|48.2976|Linz
58|Vienna|Austria|1875000|0|0|0|0|0|0|0|0|0|0|105|231|426|1698|1755|1875|16.3210|48.2021|Vienna
59|Munich|Germany|1955000|0|0|0|0|0|0|0|0|0|0|0|0|115|499|870|1955|11.5430|48.1410|Munich
60|Donetsk|Ukraine|2200000|0|0|0|0|0|0|0|0|0|0|0|0|0|0|500|2200|37.7371|48.0401|Donetsk
61|Ulaanbaatar|Mongolia|548400|0|0|0|0|0|0|0|0|0|0|0|0|0|0|0|548|106.9124|47.9286|Ulaanbaatar
62|Budapest|Hungary|2565000|0|0|0|0|0|0|0|0|0|0|0|54|156|785|1500|2565|19.0942|47.5146|Budapest
63|Qiqihar|China|1150000|0|0|0|0|0|0|0|0|0|0|0|0|0|0|0|1150|123.9650|47.3440|Qiqihar
64|Innsbruck|Austria|185000|0|0|0|0|0|0|0|0|0|0|0|0|0|0|0|185|11.3500|47.2655|Innsbruck
65|Rostov-on-Don|Russia|1165000|0|0|0|0|0|0|0|0|0|0|0|0|0|142|500|1165|39.6880|47.2321|Rostov-on-Don
66|Nantes|France|464857|0|0|0|0|0|0|0|0|0|0|0|70|95|151|225|465|-1.5616|47.2194|Nantes
67|Graz|Austria|325000|0|0|0|0|0|0|0|0|0|0|0|0|0|138|224|325|15.4311|47.0649|Graz
68|Bern|Switzerland|298800|0|0|0|0|0|0|0|0|0|0|0|0|0|0|0|299|7.4457|46.9482|Bern
69|Quebec|Canada|603267|0|0|0|0|0|0|0|0|0|0|0|0|0|76|216|603|-71.2449|46.8021|Quebec
70|Odessa|Ukraine|1185000|0|0|0|0|0|0|0|0|0|0|0|0|71|449|600|1185|30.6839|46.5722|Odessa
71|Harbin|China|2670000|0|0|0|0|0|0|0|0|0|0|0|0|0|0|760|2670|126.6226|45.7552|Harbin
72|Lyon|France|1275000|50|0|0|0|0|0|0|0|0|0|97|110|220|508|646|1275|4.8554|45.7471|Lyon
73|Montreal|Canada|2921357|0|0|0|0|0|0|0|0|0|0|0|0|0|325|1242|2921|-73.6535|45.5410|Montreal
74|Milan|Italy|3750000|30|0|0|0|42|60|60|80|89|107|113|122|182|491|1400|3750|9.1905|45.4734|Milan
75|Venice|Italy|420000|0|0|0|45|55|70|110|110|115|151|143|146|141|171|354|420|12.3707|45.4248|Venice
76|Ottawa|Canada|819263|0|0|0|0|0|0|0|0|0|0|0|0|0|73|258|819|-75.6507|45.3742|Ottawa
77|Turin|Italy|1550000|0|0|0|0|0|0|0|0|0|0|0|57|125|330|765|1550|7.6664|45.0749|Turin
78|Minneapolis|United States|2012400|0|0|0|0|0|0|0|0|0|0|0|0|0|366|985|2012|-93.3078|44.9242|Minneapolis
79|Bordeaux|France|640012|0|0|0|0|0|0|0|0|0|0|0|92|142|304|427|640|-0.5995|44.8415|Bordeaux
80|Belgrade|Serbia|1400000|0|0|0|0|0|0|0|0|0|0|0|0|0|0|445|1400|20.4126|44.7997|Belgrade
81|Bucharest|Romania|2250000|0|0|0|0|0|0|0|0|0|60|0|0|95|292|1100|2250|26.1230|44.4305|Bucharest
82|Changchun|China|1740000|0|0|0|0|0|0|0|0|0|85|0|0|100|0|630|1740|125.3127|43.8813|Changchun
83|Jilin|China|1170000|0|0|0|0|0|0|0|0|0|0|0|0|0|0|0|1170|126.5671|43.8502|Jilin_City
84|Ürümqi|China|1040000|0|0|0|0|0|0|0|0|0|0|0|0|0|0|0|1040|87.5865|43.7827|Ürümqi
85|Florence|Italy|640000|0|0|0|0|0|0|60|61|70|65|68|61|107|203|384|640|11.2077|43.7816|Florence
86|Toronto|Canada|3427168|0|0|0|0|0|0|0|0|0|0|0|0|0|205|970|3427|-79.4126|43.7208|Toronto
87|Toulouse|France|541271|0|0|0|0|0|0|0|0|0|0|0|0|75|127|235|541|1.4380|43.6000|Toulouse
88|Bilbao|Spain|985000|0|0|0|0|0|0|0|0|0|0|0|0|0|83|320|985|-2.9738|43.2822|Bilbao
89|Almaty|Kazakhstan|1190000|0|0|0|0|0|0|0|0|0|0|0|0|0|0|280|1190|76.9126|43.2551|Almaty
90|Rochester|United States|816200|0|0|0|0|0|0|0|0|0|0|0|0|0|162|409|816|-77.6356|43.2105|Rochester,_New_York
91|Milwaukee|United States|1374700|0|0|0|0|0|0|0|0|0|0|0|0|0|285|823|1375|-87.9907|43.0679|Milwaukee
92|Sapporo|Japan|1900000|0|0|0|0|0|0|0|0|0|0|0|0|0|0|315|1900|141.3455|43.0553|Sapporo
93|Buffalo|United States|1483000|0|0|0|0|0|0|0|0|0|0|0|0|0|360|798|1483|-78.8484|42.8987|Buffalo,_New_York
94|Sofia|Bulgaria|1205000|0|0|0|0|0|0|0|0|0|0|0|0|0|0|437|1205|23.3319|42.7073|Sofia
95|Detroit|United States|4691900|0|0|0|0|0|0|0|0|0|0|0|0|0|297|2776|4692|-83.0789|42.3943|Detroit
96|Boston|United States|3971700|0|0|0|0|0|0|0|0|0|0|0|0|209|1075|2233|3972|-71.1026|42.3753|Boston
97|Fushun|China|1270000|0|0|0|0|0|0|0|0|0|0|0|124|175|200|235|1270|123.9056|41.8592|Fushun
98|Chicago|United States|7717100|0|0|0|0|0|0|0|0|0|0|0|0|0|1717|4906|7717|-87.6413|41.8265|Chicago
99|Shenyang|China|3840000|0|0|0|0|0|0|0|0|0|0|0|0|0|160|850|3840|123.3831|41.8022|Shenyang
100|Tbilisi|Georgia|1460000|0|0|0|0|0|80|0|0|0|0|0|0|0|175|585|1460|44.7831|41.7218|Tbilisi
101|Zaragoza|Spain|575317|0|0|0|0|0|0|0|0|0|0|0|55|60|99|264|575|-0.8782|41.6513|Zaragoza
102|Cleveland|United States|2218400|0|0|0|0|0|0|0|0|0|0|0|0|0|385|1372|2218|-81.7275|41.3907|Cleveland
103|Tirana|Albania|210800|0|0|0|0|0|0|0|0|0|0|0|0|0|0|0|211|19.8318|41.3317|Tirana
104|Anshan|China|1300000|0|0|0|0|0|0|0|0|0|0|0|0|0|0|0|1300|122.9770|41.1152|Anshan
105|Istanbul|Turkey|5750000|36|400|250|300|200|150|100|175|200|700|700|570|785|900|1035|5750|29.0061|41.0660|Istanbul
106|Salt Lake City|United States|682400|0|0|0|0|0|0|0|0|0|0|0|0|0|0|224|682|-111.8922|40.6939|Salt_Lake_City
107|Pittsburgh|United States|2218800|0|0|0|0|0|0|0|0|0|0|0|0|69|562|1310|2219|-79.9971|40.4972|Pittsburgh
108|Madrid|Spain|4650000|0|0|0|0|0|0|0|0|0|80|105|182|216|539|1527|4650|-3.6910|40.4422|Madrid
109|Baku|Azerbaijan|2020000|0|0|0|0|0|0|0|0|0|0|0|0|0|179|840|2020|49.8162|40.3243|Baku
110|Yerevan|Armenia|1315000|0|0|0|0|0|0|0|0|0|0|0|0|0|0|315|1315|44.5327|40.2080|Yerevan
111|Columbus|United States|963600|0|0|0|0|0|0|0|0|0|0|0|0|0|125|430|964|-82.9927|40.0446|Columbus,_Ohio
112|Ankara|Turkey|2400000|0|0|0|0|0|0|0|0|0|0|0|0|0|0|286|2400|32.8533|39.9293|Ankara
113|Philadelphia|United States|5208600|0|0|0|0|0|0|0|0|0|0|0|68|426|1418|2900|5209|-75.2182|39.9276|Philadelphia
114|Beijing|China|6450000|40|0|0|50|50|130|401|150|672|706|650|1100|1648|1100|2031|6450|116.3880|39.9062|Beijing
115|Erzurum|Turkey|246053|0|0|0|0|0|0|0|0|0|0|0|0|0|0|0|246|41.2918|39.9045|Erzurum
116|Samarkand|Uzbekistan|366000|0|0|75|75|40|60|90|130|60|60|0|0|0|0|0|366|66.9476|39.6576|Samarkand
117|Tangshan|China|1060000|0|0|0|0|0|0|0|0|0|0|0|0|0|0|0|1060|118.1802|39.6154|Tangshan
118|Valencia|Spain|1270000|0|0|0|0|0|0|0|50|55|61|65|60|100|213|534|1270|-0.3674|39.4709|Valencia
119|Baltimore|United States|1960400|0|0|0|0|0|0|0|0|0|0|0|0|169|508|1159|1960|-76.6184|39.3219|Baltimore
120|Cagliari|Italy|305000|0|0|0|0|0|0|0|0|0|0|0|0|0|0|0|305|9.1089|39.2251|Cagliari
121|Cincinnati|United States|1480100|0|0|0|0|0|0|0|0|0|0|0|0|130|417|808|1480|-84.4770|39.1480|Cincinnati
122|Tianjin|China|4880000|60|0|0|50|0|0|0|0|0|0|70|130|195|700|1795|4880|117.1852|39.1284|Tianjin
123|Pyongyang|North Korea|1600000|0|60|0|50|40|0|0|0|0|0|0|0|0|0|400|1600|125.7575|39.0285|Pyongyang
124|Kansas City|United States|1272400|0|0|0|0|0|0|0|0|0|0|0|0|0|215|694|1272|-94.6266|38.9941|Kansas_City_metropolitan_area
125|Washington D.C.|United States|3221400|0|0|0|0|0|0|0|0|0|0|0|0|0|278|1285|3221|-76.9538|38.8909|Washington,_D.C.
126|St. Louis|United States|2203000|0|0|0|0|0|0|0|0|0|0|0|0|78|614|1366|2203|-90.3420|38.6389|St._Louis
127|Sacramento|United States|866400|0|0|0|0|0|0|0|0|0|0|0|0|0|0|206|866|-121.4227|38.5670|Sacramento,_California
128|Tabriz|Iran|971482|0|0|0|0|0|90|125|150|250|80|75|60|70|175|274|971|46.2901|38.0810|Tabriz
129|Shijiazhuang|China|1190000|0|0|0|90|85|0|0|0|0|0|0|0|0|0|0|1190|114.5597|38.0771|Shijiazhuang
130|Ashgabat|Turkmenistan|398000|0|0|0|0|0|0|0|0|0|0|0|0|0|0|0|398|58.3901|37.9504|Ashgabat
131|Taiyuan|China|1660000|0|0|0|0|0|0|48|51|61|79|0|0|0|0|0|1660|112.5517|37.8931|Taiyuan
132|Seoul|South Korea|15850000|0|0|0|0|0|0|0|100|125|110|158|194|183|195|1550|15850|126.9352|37.5424|Seoul
133|Seville|Spain|945000|40|60|70|90|125|150|90|60|46|126|80|96|117|148|383|945|-5.9708|37.3726|Seville
134|Adana|Turkey|777554|0|0|0|0|0|0|0|0|0|0|0|0|0|0|0|778|35.3244|37.0000|Adana
135|Norfolk|United States|795600|0|0|0|0|0|0|0|0|0|0|0|0|0|0|385|796|-76.2686|36.8793|Norfolk,_Virginia
136|Tunis|Tunisia|1225000|0|0|0|0|0|0|50|50|65|60|69|90|90|156|405|1225|10.1660|36.8188|Tunis
137|Zibo|China|830000|0|0|0|0|0|0|0|0|0|0|0|0|0|0|0|830|118.0620|36.7915|Zibo
138|Jinan|China|1460000|0|0|0|0|0|0|0|0|0|0|0|0|0|0|0|1460|116.9671|36.6555|Jinan
139|Mosul|Iraq|570926|0|0|0|0|0|50|0|0|0|0|0|0|0|0|0|571|43.1371|36.3356|Mosul
140|Mashhad|Iran|1463508|0|0|0|0|0|0|0|0|0|0|0|0|0|0|210|1464|59.5969|36.2901|Mashhad
141|Aleppo|Syria|1216000|0|0|0|40|50|45|45|75|67|61|67|72|90|130|362|1216|37.1593|36.2155|Aleppo
142|Lanzhou|China|1270000|0|0|0|0|0|0|0|0|0|0|0|90|100|110|320|1270|103.5996|36.1134|Lanzhou
143|Daegu|South Korea|2206000|0|0|0|0|0|0|0|0|0|0|0|0|0|0|328|2206|128.5914|35.8635|Daegu
144|Tehran|Iran|6400000|0|0|0|0|0|0|0|0|0|0|0|0|70|150|989|6400|51.4477|35.7745|Tehran
145|Tokyo|Japan|23620000|0|0|0|0|0|0|0|0|0|0|0|0|0|1497|7000|23620|139.8092|35.6831|Tokyo
146|Kawasaki|Japan|1088624|0|0|0|0|0|0|0|0|0|0|0|0|0|0|0|1089|139.7272|35.5046|Kawasaki,_Kanagawa
147|Oklahoma City|United States|742000|0|0|0|0|0|0|0|0|0|0|0|0|0|0|264|742|-97.5303|35.4896|Oklahoma_City
148|Yokohama|Japan|2992926|0|0|0|0|0|0|0|0|0|0|0|0|0|245|0|2993|139.6197|35.4374|Yokohama
149|Charlotte|United States|479200|0|0|0|0|0|0|0|0|0|0|0|0|0|0|0|479|-80.8357|35.2058|Charlotte,_North_Carolina
150|Busan|South Korea|3800000|0|0|0|0|0|0|0|0|0|0|0|0|0|73|498|3800|129.0547|35.1579|Busan
151|Nagoya|Japan|4800000|0|0|0|0|0|0|0|0|0|0|65|92|93|260|1030|4800|136.9206|35.1549|Nagoya
152|Memphis|United States|852900|0|0|0|0|0|0|0|0|0|0|0|0|0|102|406|853|-90.0003|35.1147|Memphis,_Tennessee
153|Kyoto|Japan|1479218|0|0|200|175|175|100|40|150|200|300|350|377|323|362|1101|1479|135.7548|35.0091|Kyoto
154|Zhengzhou|China|1170000|0|0|0|0|0|0|0|0|0|0|0|0|0|0|0|1170|113.6418|34.7577|Zhengzhou
155|Homs|Syria|431000|0|0|0|0|0|0|0|0|0|0|0|0|0|0|244|431|36.7182|34.7339|Homs
156|Luoyang|China|740000|420|200|300|50|40|50|0|0|0|0|0|0|0|0|0|740|112.3612|34.6713|Luoyang
157|Osaka|Japan|15040000|0|0|0|0|0|0|0|0|0|360|380|383|320|970|3480|15040|135.5191|34.6355|Osaka
158|Kabul|Afghanistan|1179000|0|0|0|0|0|0|0|0|0|0|0|50|40|60|214|1179|69.1368|34.5309|Kabul
159|Hiroshima|Japan|1575000|0|0|0|0|0|0|0|0|0|0|0|0|0|118|258|1575|132.4448|34.3776|Hiroshima
160|Xi'an|China|2050000|90|100|0|50|45|75|118|115|127|138|167|224|275|250|559|2050|108.8834|34.2657|Xi'an
161|Fes|Morocco|535000|0|0|0|90|125|200|150|125|130|100|80|80|85|108|200|535|-4.9955|34.0436|Fez,_Morocco
162|Atlanta|United States|1962500|0|0|0|0|0|0|0|0|0|0|0|0|0|90|507|1962|-84.3492|33.7957|Atlanta
163|Islamabad|Pakistan|204364|0|0|0|0|0|0|0|0|0|0|0|0|0|0|0|204|73.0605|33.7182|Islamabad
164|Rawalpindi|Pakistan|836000|0|0|0|0|0|0|0|0|0|0|0|0|0|86|231|836|73.0437|33.6058|Rawalpindi
165|Damascus|Syria|1850000|0|50|70|110|90|100|64|74|60|60|70|90|108|165|335|1850|36.3135|33.5193|Damascus
166|Phoenix|United States|1482400|0|0|0|0|0|0|0|0|0|0|0|0|0|0|210|1482|-112.1103|33.5090|Phoenix,_Arizona
167|Baghdad|Iraq|3841268|0|400|700|125|150|100|40|90|0|0|60|80|60|145|579|3841|44.3978|33.3340|Baghdad
168|Dallas|United States|2727300|0|0|0|0|0|0|0|0|0|0|0|0|0|0|514|2727|-96.7684|32.7941|Dallas
169|Isfahan|Iran|986753|0|60|90|100|100|70|62|80|90|100|350|50|67|80|204|987|51.6792|32.6514|Isfahan
170|Nanjing|China|2290000|90|150|55|70|67|130|95|487|147|194|140|50|0|270|1020|2290|118.7689|32.0484|Nanjing
171|Amman|Jordan|1250000|0|0|0|0|0|0|0|0|0|0|0|0|0|0|0|1250|35.9329|31.9494|Amman
172|Amritsar|India|594844|0|0|0|0|0|0|0|0|0|0|0|0|101|159|320|595|74.8716|31.6309|Amritsar
173|Lahore|Pakistan|3025000|0|0|0|0|50|0|0|0|0|0|0|0|94|200|600|3025|74.3407|31.5451|Lahore
174|Faisalabad|Pakistan|1104209|0|0|0|0|0|0|0|0|0|0|0|0|0|0|0|1104|73.0835|31.4090|Faisalabad
175|Shanghai|China|9300000|0|0|0|0|0|70|0|0|0|0|0|90|185|619|5406|9300|121.4727|31.2479|Shanghai
176|Chengdu|China|1810000|70|60|75|40|40|46|54|50|85|100|90|97|200|300|647|1810|104.0713|30.6701|Chengdu
177|Wuhan|China|3490000|70|60|84|70|65|80|85|90|64|75|110|160|185|340|1150|3490|114.2792|30.5725|Wuhan
178|Basra|Iraq|616700|0|0|100|50|60|50|0|0|0|0|0|60|0|0|0|617|47.7609|30.5035|Basra
179|Hangzhou|China|1270000|0|0|70|80|90|255|432|235|250|270|303|387|434|350|517|1270|120.1651|30.2526|Hangzhou
180|Cairo|Egypt|9300000|0|0|90|135|150|200|400|360|400|200|175|186|256|595|2750|9300|31.2508|30.0779|Cairo
181|New Orleans|United States|1185000|0|0|0|0|0|0|0|0|0|0|0|0|132|291|656|1185|-90.0987|29.9564|New_Orleans
182|Houston|United States|2755100|0|0|0|0|0|0|0|0|0|0|0|0|0|0|700|2755|-95.4071|29.7718|Houston
183|Lhasa|China|84400|0|0|100|45|0|0|0|0|0|0|80|50|0|0|0|84|91.1321|29.6507|Lhasa
184|Chongqing|China|2450000|0|0|0|0|0|0|0|0|0|0|0|0|0|180|1055|2450|106.5227|29.5441|Chongqing
185|San Antonio|United States|968200|0|0|0|0|0|0|0|0|0|0|0|0|0|0|449|968|-98.5246|29.4299|San_Antonio
186|New Delhi|India|273036|0|0|0|0|0|0|0|0|0|0|0|0|0|0|0|273|77.2168|28.5687|New_Delhi
187|Delhi|India|7200000|0|0|0|0|0|60|100|90|80|100|120|140|156|207|1306|7200|77.2244|28.5265|Delhi
188|Changsha|China|1190000|0|0|0|0|0|0|0|0|0|0|0|85|0|220|396|1190|112.9685|28.1976|Changsha
189|Kathmandu|Nepal|320000|0|0|0|0|0|0|0|0|0|0|0|0|0|0|0|320|85.3130|27.7120|Kathmandu
190|Thimphu|Bhutan|12000|0|0|0|0|0|0|0|0|0|0|0|0|0|0|0|12|89.6673|27.4426|Thimphu
191|Jaipur|India|1025000|0|0|0|0|0|0|0|0|50|60|90|75|100|160|286|1025|75.8013|26.9051|Jaipur
192|Lucknow|India|1060000|0|0|0|0|0|0|0|0|0|0|0|240|300|265|481|1060|80.9197|26.8494|Lucknow
193|Guiyang|China|1010000|0|0|0|0|0|0|0|0|0|0|0|0|0|100|239|1010|106.7003|26.5719|Guiyang
194|Kanpur|India|1875000|0|0|0|0|0|0|0|0|0|0|0|0|0|0|670|1875|80.3179|26.4578|Kanpur
195|Fuzhou|China|890000|0|0|0|45|45|50|70|81|83|78|67|130|175|250|400|890|119.3035|26.0710|Fuzhou
196|Miami|United States|2827300|0|0|0|0|0|0|0|0|0|0|0|0|0|0|458|2827|-80.2702|25.8321|Miami
197|Monterrey|Mexico|2015000|0|0|0|0|0|0|0|0|0|0|0|0|0|0|335|2015|-100.3171|25.6774|Monterrey
198|Patna|India|1025000|70|0|75|0|0|0|0|0|0|80|80|170|226|197|250|1025|85.1353|25.6139|Patna
199|Hyderabad|Pakistan|800000|0|0|0|0|0|0|0|0|0|0|0|0|0|0|235|800|68.3665|25.3802|Hyderabad,_Sindh
200|Varanasi|India|925000|50|50|50|50|67|0|0|0|0|0|75|179|185|211|345|925|82.9563|25.2820|Varanasi
201|Doha|Qatar|310000|0|0|0|0|0|0|0|0|0|0|0|0|0|0|0|310|51.4972|25.2036|Doha
202|Kunming|China|1280000|0|0|0|0|0|0|0|0|0|0|0|0|0|0|400|1280|102.7021|25.0510|Kunming
203|Taipei|Taiwan|6130000|0|0|0|0|0|0|0|0|0|0|0|0|0|80|450|6130|121.5067|25.0351|Taipei
204|Taichung|Taiwan|715107|0|0|0|0|0|0|0|0|0|0|0|0|0|0|229|715|120.6703|24.1436|Taichung
205|Dhaka|Bangladesh|3430312|0|0|0|0|0|0|0|0|0|0|150|106|60|90|405|3430|90.4071|23.7099|Dhaka
206|Guangzhou|China|3050000|40|0|50|40|55|110|150|150|150|180|200|800|875|585|1495|3050|113.2936|23.0962|Guangzhou
207|Ahmedabad|India|2400000|0|0|0|0|0|0|0|0|100|190|380|89|96|181|758|2400|72.5669|23.0398|Ahmedabad
208|Khulna|Bangladesh|648359|0|0|0|0|0|0|0|0|0|0|0|0|0|0|0|648|89.5582|22.8426|Khulna
209|Kolkata|India|11100000|0|0|0|0|0|0|0|0|0|0|0|162|413|1085|4800|11100|88.3342|22.5435|Kolkata
210|Tampico|Mexico|435000|0|0|0|0|0|0|0|0|0|0|0|0|0|0|0|435|-97.8426|22.2432|Tampico
211|Mandalay|Burma|532895|0|0|0|0|0|0|0|50|0|0|0|0|0|184|0|533|96.0842|21.9759|Mandalay
212|Mecca|Saudi Arabia|550000|0|0|80|0|40|0|0|0|0|0|0|0|0|0|0|550|39.8148|21.4274|Mecca
213|Nagpur|India|1302066|0|0|0|0|0|0|0|0|0|0|0|74|111|126|432|1302|79.0891|21.1558|Nagpur
214|Hanoi|Vietnam|1500000|0|0|0|0|0|0|0|50|0|0|0|60|75|72|260|1500|105.8199|21.0319|Hanoi
215|Haiphong|Vietnam|385210|0|0|0|0|0|0|0|0|0|0|0|0|0|0|0|385|106.6798|20.8614|Haiphong
216|Mérida|Mexico|400142|0|0|0|0|0|0|0|0|0|0|0|0|0|0|0|400|-89.5529|20.8219|Mérida,_Yucatán
217|Guadalajara|Mexico|2325000|0|0|0|0|0|0|0|0|0|0|0|0|63|101|0|2325|-103.3438|20.6736|Guadalajara
218|Port Sudan|Sudan|206727|0|0|0|0|0|0|0|0|0|0|0|0|0|0|0|207|37.2197|19.6157|Port_Sudan
219|Mexico City|Mexico|14100000|0|0|0|0|0|0|0|70|80|90|85|128|170|368|2872|14100|-99.1276|19.4270|Mexico_City
220|Puebla City|Mexico|1055000|0|0|0|0|0|0|0|0|0|0|63|65|70|90|211|1055|-98.1929|19.0486|Puebla_City
221|Pune|India|1775000|0|0|0|0|0|0|0|0|0|0|0|60|90|154|460|1775|73.8523|18.5357|Pune
222|Port-au-Prince|Haiti|880000|0|0|0|0|0|0|0|0|0|0|0|0|0|0|0|880|-72.3431|18.5266|Port-au-Prince
223|San Juan|Puerto Rico|1775260|0|0|0|0|0|0|0|0|0|0|0|0|0|0|385|1775|-66.0818|18.4006|San_Juan,__Puerto_Rico
224|Kingston|Jamaica|770000|0|0|0|0|0|0|0|0|0|0|0|0|0|0|0|770|-76.7973|18.0157|Kingston,_Jamaica
225|Hyderabad|India|2750000|0|0|0|0|0|0|0|0|0|80|175|175|200|445|1075|2750|78.4850|17.3945|Hyderabad
226|Yangon|Burma|2800000|0|0|0|0|0|0|0|0|0|0|0|0|0|229|600|2800|96.1249|16.8722|Yangon
227|Sana'a|Yemen|427150|0|0|0|0|0|0|0|0|0|0|0|0|0|0|0|427|44.2095|15.3614|Sana%27a
228|Guatemala|Guatemala|1400000|0|0|0|0|0|0|0|0|0|0|0|0|0|74|284|1400|-90.5249|14.6180|Guatemala
229|Tegucigalpa|Honduras|551606|0|0|0|0|0|0|0|0|0|0|0|0|0|0|0|552|-87.2031|14.0991|Tegucigalpa
230|Bangkok|Thailand|6450000|0|0|0|0|0|0|0|0|0|0|0|0|158|267|975|6450|100.5527|13.7456|Bangkok
231|San Salvador|El Salvador|920000|0|0|0|0|0|0|0|0|0|0|0|0|0|0|0|920|-89.2002|13.7014|San_Salvador
232|Niamey|Niger|398265|0|0|0|0|0|0|0|0|0|0|0|0|0|0|0|398|2.0834|13.6045|Niamey
233|Chennai|India|4475000|0|0|0|0|0|0|0|0|0|0|0|110|310|505|1356|4475|80.2478|13.0615|Chennai
234|Bangalore|India|2950000|0|0|0|0|0|0|0|0|0|0|0|50|130|161|725|2950|77.5877|12.9748|Bangalore
235|Bamako|Mali|646163|0|0|0|0|0|0|0|0|0|0|0|0|0|0|0|646|-7.9865|12.6530|Bamako
236|Managua|Nicaragua|682000|0|0|0|0|0|0|0|0|0|0|0|0|0|0|0|682|-86.2730|12.1515|Managua
237|Phnom Penh|Cambodia|700000|0|0|0|0|0|0|0|0|0|0|0|68|62|90|270|700|104.9132|11.5647|Phnom_Penh
238|Ho Chi Minh City|Vietnam|3100000|0|0|0|0|0|0|0|0|0|0|0|0|90|170|1200|3100|106.6625|10.7592|Ho_Chi_Minh_City
239|Maracaibo|Venezuela|890643|0|0|0|0|0|0|0|0|0|0|0|0|0|0|235|891|-71.6371|10.6450|Maracaibo
240|Caracas|Venezuela|3600000|0|0|0|0|0|0|0|0|0|0|0|0|0|82|693|3600|-66.8983|10.4960|Caracas
241|Barquisimeto|Venezuela|497635|0|0|0|0|0|0|0|0|0|0|0|0|0|0|0|498|-69.3392|10.0657|Barquisimeto
242|San José|Costa Rica|670000|0|0|0|0|0|0|0|0|0|0|0|0|0|0|0|670|-84.0786|9.9305|San_José,_Costa_Rica
243|Madurai|India|960000|50|0|70|0|0|0|60|0|0|0|0|0|0|104|352|960|78.1217|9.9140|Madurai
244|Ibadan|Nigeria|1144000|0|0|0|0|0|0|0|0|0|0|0|0|0|204|390|1144|3.8953|7.3788|Ibadan
245|Davao City|Philippines|408775|0|0|0|0|0|0|0|0|0|0|0|0|0|0|0|409|125.6137|7.0801|Davao_City
246|Enugu|Nigeria|252500|0|0|0|0|0|0|0|0|0|0|0|0|0|0|0|252|7.4921|6.4505|Enugu
247|Medellín|Colombia|2095000|0|0|0|0|0|0|0|0|0|0|0|0|0|0|264|2095|-75.5920|6.2411|Medellín
248|Accra|Ghana|1250000|0|0|0|0|0|0|0|0|0|0|0|0|0|0|0|1250|-0.2009|5.5586|Accra
249|Abidjan|Ivory Coast|1950000|0|0|0|0|0|0|0|0|0|0|0|0|0|0|0|1950|-4.0219|5.3249|Abidjan
250|Bogotá|Colombia|4260000|0|0|0|0|0|0|0|0|0|0|0|0|53|110|600|4260|-74.0805|4.6302|Bogotá
251|Bangui|Central African Republic|473817|0|0|0|0|0|0|0|0|0|0|0|0|0|0|0|474|18.5623|4.3659|Bangui
252|Yaoundé|Cameroon|653670|0|0|0|0|0|0|0|0|0|0|0|0|0|0|0|654|11.5136|3.8651|Yaoundé
253|Medan|Indonesia|1373747|0|0|0|0|0|0|0|0|0|0|0|0|0|0|270|1374|98.6756|3.5852|Medan
254|Cali|Colombia|1400000|0|0|0|0|0|0|0|0|0|0|0|0|0|0|256|1400|-76.5224|3.4569|Cali
255|Kuala Lumpur|Malaysia|1475000|0|0|0|0|0|0|0|0|0|0|0|0|0|0|0|1475|101.7077|3.1502|Kuala_Lumpur
256|Mogadishu|Somalia|600000|0|0|0|0|0|0|0|0|0|0|0|0|0|0|0|600|45.3441|2.0412|Mogadishu
257|Kisangani|Congo|282650|0|0|0|0|0|0|0|0|0|0|0|0|0|0|0|283|25.1961|0.5193|Kisangani
258|Quito|Ecuador|1050000|0|0|0|0|0|0|0|0|0|0|0|0|0|0|209|1050|-78.5243|-0.2295|Quito
259|Iquitos|Peru|178738|0|0|0|0|0|0|0|0|0|0|0|0|0|0|0|179|-73.1915|-3.7529|Iquitos
260|Fortaleza|Brazil|1825000|0|0|0|0|0|0|0|0|0|0|0|0|0|0|205|1825|-38.5889|-3.7833|Fortaleza
261|Brazzaville|Congo|585812|0|0|0|0|0|0|0|0|0|0|0|0|0|0|0|586|15.2851|-4.2852|Brazzaville
262|Kananga|Congo|290898|0|0|0|0|0|0|0|0|0|0|0|0|0|0|0|291|22.4028|-5.8922|Kananga
263|Dar es Salaam|Tanzania|1300000|0|0|0|0|0|0|0|0|0|0|0|0|0|0|0|1300|39.2533|-6.8174|Dar_es_Salaam
264|Bandung|Indonesia|1800000|0|0|0|0|0|0|0|0|0|0|0|0|0|0|700|1800|107.6069|-6.9124|Bandung
265|Recife|Brazil|2625000|0|0|0|0|0|0|0|0|0|0|0|0|106|155|550|2625|-34.9146|-8.0852|Recife
266|Benguela|Angola|155000|0|0|0|0|0|0|0|0|0|0|0|0|0|0|0|155|13.4649|-12.7177|Benguela
267|Brasília|Brazil|1567709|0|0|0|0|0|0|0|0|0|0|0|0|0|0|0|1568|-47.8977|-15.7921|Brasília
268|Arequipa|Peru|446942|0|0|0|0|0|0|0|0|0|0|0|0|0|0|0|447|-71.5227|-16.3975|Arequipa
269|La Paz|Bolivia|992592|0|0|0|0|0|0|0|0|0|0|0|0|0|0|321|993|-68.1462|-16.4990|La_Paz
270|Goiânia|Brazil|990000|0|0|0|0|0|0|0|0|0|0|0|0|0|0|0|990|-49.2548|-16.7267|Goiânia
271|Santa Cruz de La Sierra|Bolivia|441717|0|0|0|0|0|0|0|0|0|0|0|0|0|0|0|442|-63.1974|-17.7888|Santa_Cruz_de_la_Sierra
272|Sucre|Bolivia|86609|0|0|0|0|0|0|0|0|0|0|0|0|0|0|0|87|-65.2559|-19.0421|Sucre
273|Belo Horizonte|Brazil|2950000|0|0|0|0|0|0|0|0|0|0|0|0|0|0|338|2950|-43.9091|-19.8517|Belo_Horizonte
274|Rio de Janeiro|Brazil|10150000|0|0|0|0|0|0|0|0|0|0|0|0|166|744|2866|10150|-43.4552|-22.7216|Rio_de_Janeiro
275|São Paulo|Brazil|15175000|0|0|0|0|0|0|0|0|0|0|0|0|0|239|2227|15175|-46.6229|-23.5813|São_Paulo
276|Santos|Brazil|1065000|0|0|0|0|0|0|0|0|0|0|0|0|0|0|0|1065|-46.3095|-23.9547|Santos|_São_Paulo
277|Gaborone|Botswana|95163|0|0|0|0|0|0|0|0|0|0|0|0|0|0|0|95|25.7948|-24.6614|Gaborone
278|Curitiba|Brazil|1700000|0|0|0|0|0|0|0|0|0|0|0|0|0|0|0|1700|-49.2845|-25.4305|Curitiba
279|Pretoria|South Africa|960000|0|0|0|0|0|0|0|0|0|0|0|0|0|0|280|960|28.2184|-25.7313|Pretoria
280|Maputo|Mozambique|1069727|0|0|0|0|0|0|0|0|0|0|0|0|0|0|0|1070|32.5737|-25.9622|Maputo
281|Johannesburg|South Africa|3650000|0|0|0|0|0|0|0|0|0|0|0|0|0|173|1520|3650|28.0043|-26.1790|Johannesburg
282|Brisbane|Australia|1149401|0|0|0|0|0|0|0|0|0|0|0|0|0|118|440|1149|153.0265|-27.4539|Brisbane
283|Durban|South Africa|1550000|0|0|0|0|0|0|0|0|0|0|0|0|0|0|470|1550|30.9422|-29.8364|Durban
284|Porto Alegre|Brazil|2600000|0|0|0|0|0|0|0|0|0|0|0|0|0|73|375|2600|-51.2080|-30.0395|Porto_Alegre
285|Córdoba|Argentina|1070000|0|0|0|0|0|0|0|0|0|0|0|0|0|0|380|1070|-64.1799|-31.3163|Córdoba,_Argentina
286|Santa Fe|Argentina|292165|0|0|0|0|0|0|0|0|0|0|0|0|0|0|270|292|-60.6978|-31.6169|Santa_Fe,_Argentina
287|Mendoza|Argentina|650000|0|0|0|0|0|0|0|0|0|0|0|0|0|0|0|650|-68.8297|-32.8974|Mendoza,_Argentina
288|Rosario|Argentina|1045000|0|0|0|0|0|0|0|0|0|0|0|0|0|112|485|1045|-60.6639|-32.9377|Rosario,_Santa_Fe
289|Santiago|Chile|4100000|0|0|0|0|0|0|0|0|0|0|0|0|84|290|1250|4100|-70.6475|-33.4750|Santiago
290|Port Elizabeth|South Africa|690000|0|0|0|0|0|0|0|0|0|0|0|0|0|0|0|690|25.4843|-33.8816|Port_Elizabeth
291|Sydney|Australia|3364858|0|0|0|0|0|0|0|0|0|0|0|0|0|478|1635|3365|151.0282|-33.8898|Sydney
292|Buenos Aires|Argentina|10750000|0|0|0|0|0|0|0|0|0|0|0|0|74|806|5000|10750|-58.4096|-34.6654|Buenos_Aires
293|Canberra|Australia|271362|0|0|0|0|0|0|0|0|0|0|0|0|0|0|0|271|149.0416|-35.3499|Canberra
294|Auckland|New Zealand|850000|0|0|0|0|0|0|0|0|0|0|0|0|0|0|323|850|174.8011|-36.8933|Auckland
295|Melbourne|Australia|2832893|0|0|0|0|0|0|0|0|0|0|0|0|0|485|1350|2833|145.0751|-37.8530|Melbourne
296|Bahía Blanca|Argentina|223818|0|0|0|0|0|0|0|0|0|0|0|0|0|0|0|224|-62.2741|-38.7253|Bahía_Blanca
297|Christchurch|New Zealand|320000|0|0|0|0|0|0|0|0|0|0|0|0|0|0|0|320|172.6837|-43.5489|Christchurch
298|Helsinki|Finland|900000|0|0|0|0|0|0|0|0|0|0|0|0|0|0|367|900|24.9767|60.1964|Helsinki
299|Sfax|Tunisia|310000|0|0|0|0|0|0|0|0|0|0|0|0|0|0|0|310|10.7593|34.7452|Sfax
300|Kobe|Japan|1410834|0|0|0|0|0|0|0|0|0|0|0|0|0|242|0|1411|135.1818|34.6638|Kobe
301|Jerusalem|Israel|490000|0|50|60|60|0|0|0|0|0|0|0|0|0|0|0|490|35.2252|31.7737|Jerusalem
302|Valencia|Venezuela|616224|0|0|0|0|0|0|0|0|0|0|0|0|0|0|0|616|-68.0031|10.1782|Valencia,_Carabobo
303|Guayaquil|Ecuador|1255000|0|0|0|0|0|0|0|0|0|0|0|0|0|0|258|1255|-79.9094|-2.2038|Guayaquil
304|San Francisco|United States|4053800|0|0|0|0|0|0|0|0|0|0|0|0|0|439|1937|4054|-122.3088|37.7275|San_Francisco
305|Edinburgh|United Kingdom|630000|0|0|0|0|0|0|0|0|0|0|0|82|191|400|531|630|-3.2988|55.8753|Edinburgh
306|Trieste|Italy|239031|0|0|0|0|0|0|0|0|0|0|0|0|63|132|270|239|13.9328|45.7003|Trieste
307|Fukuoka|Japan|1750000|0|0|0|0|0|0|0|0|0|0|0|0|0|0|392|1750|130.3172|33.3099|Fukuoka
308|Kitakyushu|Japan|1525000|0|0|0|0|0|0|0|0|0|0|0|0|0|0|0|1525|130.7975|33.6819|Kitakyushu
309|N'Djamena|Chad|303000|0|0|0|0|0|0|0|0|0|0|0|0|0|0|0|303|15.2408|12.1041|N%27Djamena
310|Tripoli|Libya|990697|0|0|0|0|0|0|0|0|0|0|0|0|0|0|0|991|13.2118|32.7516|Tripoli
311|İzmir|Turkey|1550000|90|80|0|0|0|0|0|0|90|120|135|125|150|201|231|1550|27.2058|38.4389|İzmir
312|Kinshasa|Congo|3000000|0|0|0|0|0|0|0|0|0|0|0|0|0|0|334|3000|15.4693|-4.3887|Kinshasa
313|Adelaide|Australia|977721|0|0|0|0|0|0|0|0|0|0|0|0|0|159|420|978|138.8707|-34.9185|Adelaide
314|Jakarta|Indonesia|8600000|0|0|0|0|0|0|0|0|0|0|0|53|60|115|1452|8600|106.7625|-6.2939|Jakarta
315|Semarang|Indonesia|1024940|0|0|0|0|0|0|0|0|0|0|0|0|0|89|325|1025|110.4443|-7.0278|Semarang
316|Callao|Peru|264133|0|0|0|0|0|0|0|0|0|0|0|0|0|0|0|264|-76.8356|-12.0435|Callao
317|Belém|Brazil|1200000|0|0|0|0|0|0|0|0|0|0|0|0|0|0|0|1200|-48.3163|-1.6053|Belém
318|Qingdao|China|1270000|0|0|0|0|0|0|0|0|0|0|0|0|0|0|788|1270|120.4341|36.1484|Qingdao
319|Vientiane|Laos|377409|0|0|0|0|0|0|0|0|0|0|0|0|0|0|0|377|102.6802|18.0017|Vientiane
320|Salzburg|Austria|220000|0|0|0|0|0|0|0|0|0|0|0|0|0|0|0|220|13.0909|47.8012|Salzburg
321|Zagreb|Croatia|697925|0|0|0|0|0|0|0|0|0|0|0|0|0|0|325|698|15.9644|45.8071|Zagreb
322|Bujumbura|Burundi|273000|0|0|0|0|0|0|0|0|0|0|0|0|0|0|0|273|29.5336|-3.2691|Bujumbura
323|Nicosia|Cyprus|185000|0|0|0|0|0|0|0|0|0|0|0|0|0|0|0|185|33.3852|35.1651|Nicosia
324|Kigali|Rwanda|181600|0|0|0|0|0|0|0|0|0|0|0|0|0|0|0|182|29.9915|-2.1179|Kigali
325|Ljubljana|Slovenia|233200|0|0|0|0|0|0|0|0|0|0|0|0|0|0|0|233|14.6396|46.0683|Ljubljana
326|Maseru|Lesotho|109382|0|0|0|0|0|0|0|0|0|0|0|0|0|0|0|109|27.8904|-29.2567|Maseru
327|Luxembourg|Luxembourg|133000|0|0|0|0|0|0|0|0|0|0|0|0|0|0|0|133|6.2733|49.7404|Luxembourg_City
328|The Hague|Netherlands|770000|0|0|0|0|0|0|0|0|0|0|0|0|65|236|638|770|4.3006|51.9036|The_Hague
329|Bratislava|Slovakia|435499|0|0|0|0|0|0|0|0|0|0|0|0|0|0|0|435|17.2698|48.2745|Bratislava
330|Saskatoon|Canada|200665|0|0|0|0|0|0|0|0|0|0|0|0|0|0|0|201|-106.6300|52.1100|Saskatoon
331|Regina|Canada|186521|0|0|0|0|0|0|0|0|0|0|0|0|0|0|0|187|-104.6500|50.4100|Regina|_Saskatchewan
332|El Paso|United States|1037700|0|0|0|0|0|0|0|0|0|0|0|0|0|0|259|1038|-106.4500|31.7800|El_Paso,_Texas
333|Jacksonville|United States|635900|0|0|0|0|0|0|0|0|0|0|0|0|0|0|242|636|-81.6600|30.3300|Jacksonville,_Florida
334|Schefferville|Canada|1997|0|0|0|0|0|0|0|0|0|0|0|0|0|0|0|2|-67.0100|54.8600|Schefferville
335|Porto Velho|Brazil|202011|0|0|0|0|0|0|0|0|0|0|0|0|0|0|0|202|-63.9000|-8.7500|Porto_Velho
336|Cusco|Peru|184550|0|0|0|0|0|0|0|0|50|0|0|0|0|0|0|185|-71.8600|-13.6000|Cusco
337|Cuiabá|Brazil|279651|0|0|0|0|0|0|0|0|0|0|0|0|0|0|0|280|-56.0500|-15.5500|Cuiabá
338|Resistencia|Argentina|220104|0|0|0|0|0|0|0|0|0|0|0|0|0|0|0|220|-58.9000|-27.4000|Resistencia,_Chaco
339|Tombouctoo|Mali|31925|0|0|0|0|0|0|0|0|0|0|0|0|0|0|0|32|-3.0100|16.7600|Tombouctou_Region
340|Maiduguri|Nigeria|255100|0|0|0|0|0|0|0|0|0|0|0|0|0|0|0|255|13.2600|11.8800|Maiduguri
341|Matadi|Congo|144742|0|0|0|0|0|0|0|0|0|0|0|0|0|0|0|145|13.4500|-5.8100|Matidi
342|Huambo|Angola|203000|0|0|0|0|0|0|0|0|0|0|0|0|0|0|0|203|15.7800|-12.7300|Huambo
343|Kimberley|South Africa|145000|0|0|0|0|0|0|0|0|0|0|0|0|0|0|0|145|24.8300|-28.6600|Kimberley,_Northern_Cape
344|East London|South Africa|320000|0|0|0|0|0|0|0|0|0|0|0|0|0|0|0|320|27.9000|-33.0300|East_London,_Eastern_Cape
345|Dodoma|Tanzania|54000|0|0|0|0|0|0|0|0|0|0|0|0|0|0|0|54|35.7500|-6.1800|Dodoma
346|Narvik|Norway|19080|0|0|0|0|0|0|0|0|0|0|0|0|0|0|0|19|17.3000|68.3500|Narvik
347|Herat|Afghanistan|160000|0|0|0|0|0|45|0|0|0|0|0|0|0|0|0|160|62.2100|34.4600|Herat
348|Kashi|China|146300|0|0|0|45|0|0|50|0|0|0|0|0|0|0|0|146|76.0000|39.4800|Kashgar
349|Hue|Vietnam|165710|0|0|0|0|0|0|0|0|0|0|0|50|60|0|0|166|107.7000|16.4600|Huế
350|Kuching|Malaysia|72555|0|0|0|0|0|0|0|0|0|0|0|0|0|0|0|73|110.4300|1.5000|Kuching
351|Balikpapan|Indonesia|208040|0|0|0|0|0|0|0|0|0|0|0|0|0|0|0|208|116.8600|-1.2100|Balikpapan
352|Yakutsk|Russia|187000|0|0|0|0|0|0|0|0|0|0|0|0|0|0|0|187|129.8300|62.0100|Yakutsk
353|Cairns|Australia|39096|0|0|0|0|0|0|0|0|0|0|0|0|0|0|0|39|145.7100|-16.8500|Cairns
354|Townsville|Australia|106416|0|0|0|0|0|0|0|0|0|0|0|0|0|0|0|106|146.8300|-19.3000|Townsville
355|Rockhampton|Australia|59056|0|0|0|0|0|0|0|0|0|0|0|0|0|0|0|59|150.4800|-23.4300|Rockhampton
356|Newcastle|Australia|405089|0|0|0|0|0|0|0|0|0|0|0|0|0|0|0|405|151.9100|-33.0000|Newcastle,_New_South_Wales
357|Hobart|Australia|175082|0|0|0|0|0|0|0|0|0|0|0|0|0|0|0|175|147.5000|-43.0000|Hobart
358|Dunedin|New Zealand|109000|0|0|0|0|0|0|0|0|0|0|0|0|0|0|0|109|170.5000|-45.8600|Dunedin
359|Victoria|Canada|255547|0|0|0|0|0|0|0|0|0|0|0|0|0|0|0|256|-123.5691|48.6546|Victoria,_British_Columbia
360|Porto Novo|Benin|164000|0|0|0|0|0|0|0|0|0|0|0|0|0|0|0|164|2.6325|6.6011|Porto-Novo
361|Douala|Cameroon|1029731|0|0|0|0|0|0|0|0|0|0|0|0|0|0|0|1030|9.7064|4.1367|Douala
362|Vjuag Padang|Indonesia|708465|0|0|0|0|0|0|0|0|0|0|0|0|0|0|0|708|119.7228|-5.1904|Makassar
363|Ambon|Indonesia|111914|0|0|0|0|0|0|0|0|0|0|0|0|0|0|0|112|129.3129|-3.3866|Ambon,_Maluku
364|Incheon|South Korea|1604000|0|0|0|0|0|0|0|0|0|0|0|0|0|0|278|1604|126.7674|37.5895|Incheon
365|Dalian|China|1680000|0|0|0|0|0|0|0|0|0|0|0|0|0|0|700|1680|121.5982|39.0317|Dalian
366|Portland|United States|1227200|0|0|0|0|0|0|0|0|0|0|0|0|0|90|488|1227|-122.6417|45.4421|Portland,_Oregon
367|Manaus|Brazil|809914|0|0|0|0|0|0|0|0|0|0|0|0|0|0|0|810|-60.0146|-3.1223|Manaus
368|Santarém|Brazil|226618|0|0|0|0|0|0|0|0|0|0|0|0|0|0|0|227|-54.6100|-2.4600|Santarém,_Pará
369|Invercargill|New Zealand|52807|0|0|0|0|0|0|0|0|0|0|0|0|0|0|0|53|168.4500|-46.4100|Invercargill
370|Mtwara|Tanzania|48510|0|0|0|0|0|0|0|0|0|0|0|0|0|0|0|49|40.1800|-10.2600|Mtwara
371|Toamasina|Madagascar|100000|0|0|0|0|0|0|0|0|0|0|0|0|0|0|0|100|49.4100|-18.2300|Toamasina
372|Bloemfontein|South Africa|235000|0|0|0|0|0|0|0|0|0|0|0|0|0|0|0|235|26.2600|-29.1500|Bloemfontein
373|Bulawayo|Zimbabwe|413814|0|0|0|0|0|0|0|0|0|0|0|0|0|0|0|414|28.7100|-20.2000|Bulawayo
374|Livingstone|Zambia|61296|0|0|0|0|0|0|0|0|0|0|0|0|0|0|0|61|25.8800|-17.8300|Livingstone,_Zambia
375|Al Madinah|Saudi Arabia|290000|0|0|0|0|0|0|0|0|0|0|0|0|0|0|0|290|39.7000|24.4300|Medina
376|Aswan|Egypt|191461|0|0|0|0|0|0|0|0|0|0|0|0|0|0|0|191|32.9500|24.0800|Aswan
377|Agadez|Niger|50164|0|0|0|0|0|0|0|0|0|0|0|0|0|0|0|50|7.9800|16.9600|Agadez
378|El Obeid|Sudan|140000|0|0|0|0|0|0|0|0|0|0|0|0|0|0|0|140|30.1600|13.1800|Al-Ubayyid
379|Mbandaka|Congo|125263|0|0|0|0|0|0|0|0|0|0|0|0|0|0|0|125|18.4600|0.0500|Mbandaka
380|Whitehorse|Canada|15199|0|0|0|0|0|0|0|0|0|0|0|0|0|0|0|15|-135.0100|60.6500|Whitehorse,_Yukon
381|Punte Arenas|Chile|95332|0|0|0|0|0|0|0|0|0|0|0|0|0|0|0|95|-70.8000|-53.1500|Punta_Arenas
382|Puerto Montt|Chile|84410|0|0|0|0|0|0|0|0|0|0|0|0|0|0|0|84|-73.0000|-41.4800|Puerto_Montt
383|Comodoro Rivadavia|Argentina|96817|0|0|0|0|0|0|0|0|0|0|0|0|0|0|0|97|-67.5000|-45.8300|Comodoro_Rivadavia
384|Suez|Egypt|326820|0|0|0|0|0|0|0|0|0|0|0|0|0|0|0|327|32.5600|29.9600|Suez
385|Alexandria|Egypt|3350000|250|100|95|0|0|50|0|0|0|0|0|0|138|314|1100|3350|29.9778|31.0746|Alexandria
386|Bombay|India|9950000|0|0|0|0|0|0|48|0|0|0|0|140|575|780|2680|9950|73.1723|19.0453|Mumbai
387|Algiers|Algeria|2547983|0|0|0|0|0|0|0|0|0|75|85|73|54|140|430|2548|2.9937|36.5965|Algiers
388|Kharkov|Ukraine|1940000|0|0|0|0|0|0|0|0|0|0|0|0|0|197|730|1940|36.2083|49.9897|Kharkiv
389|Dnepropetrovsk|Ukraine|1600000|0|0|0|0|0|0|0|0|0|0|0|0|0|0|450|1600|35.1379|48.4229|Dnipropetrovsk
390|Tallinn|Estonia|482000|0|0|0|0|0|0|0|0|0|0|0|0|0|0|225|482|24.7521|59.2776|Tallinn
391|Santo Domingo|Dominican Republic|1313172|0|0|0|0|0|0|0|0|0|0|0|0|0|0|0|1313|-69.9105|18.4997|Santo_Domingo
392|Bandar Seri Begawan|Brunei|64000|0|0|0|0|0|0|0|0|0|0|0|0|0|0|0|64|114.9670|4.9330|Bandar_Seri_Begawan
393|Banjul|Gambia|95000|0|0|0|0|0|0|0|0|0|0|0|0|0|0|0|95|-16.4946|13.4453|Banjul
394|Port of Spain|Trinidad|370000|0|0|0|0|0|0|0|0|0|0|0|0|0|0|0|370|-61.4901|10.6397|Port_of_Spain
395|Acapulco|Mexico|301902|0|0|0|0|0|0|0|0|0|0|0|0|0|0|0|302|-99.9315|16.9744|Acapulco
396|Angmagssalik|Greenland|2618|0|0|0|0|0|0|0|0|0|0|0|0|0|0|0|3|-37.3119|65.6700|Tasiilaq
397|Antofagasta|Chile|185486|0|0|0|0|0|0|0|0|0|0|0|0|0|0|0|185|-70.2254|-23.8325|Antofagasta
398|Aomori|Japan|294045|0|0|0|0|0|0|0|0|0|0|0|0|0|0|0|294|140.6700|40.7500|Aomori,_Aomori
399|Banghazi|Libya|435886|0|0|0|0|0|0|0|0|0|0|0|0|0|0|0|436|20.3087|32.0431|Benghazi
400|Chiclayo|Peru|279527|0|0|0|0|0|0|0|0|0|0|0|0|0|0|0|280|-79.8300|-6.6200|Chiclayo
401|Chimbote|Peru|223341|0|0|0|0|0|0|0|0|0|0|0|0|0|0|0|223|-78.4531|-8.9301|Chimbote
402|Churchill|Canada|1304|0|0|0|0|0|0|0|0|0|0|0|0|0|0|0|1|-94.1800|58.7108|Churchill,_Manitoba
403|Kochi|India|685836|0|0|0|0|0|0|0|0|0|0|0|0|0|0|0|686|76.5218|9.9880|Kochi
404|Concepción|Chile|675000|0|0|0|0|0|0|0|0|0|0|0|0|0|0|0|675|-72.8516|-36.8833|Concepción,_Chile
405|Coquimbo|Chile|62186|0|0|0|0|0|0|0|0|0|0|0|0|0|0|0|62|-71.0200|-31.0000|Coquimbo
406|Darwin|Australia|72937|0|0|0|0|0|0|0|0|0|0|0|0|0|0|0|73|130.9946|-12.7015|Darwin,_Northern_Territory
407|Djibouti|Djibouti|120000|0|0|0|0|0|0|0|0|0|0|0|0|0|0|0|120|43.1000|11.5000|Djibouti_(city)
408|Fremantle|Australia|22484|0|0|0|0|0|0|0|0|0|0|0|0|0|0|0|22|115.9346|-32.0442|Fremantle
409|George Town|Malaysia|495000|0|0|0|0|0|0|0|0|0|0|0|0|0|80|225|495|100.5471|5.3500|George_Town,_Penang
410|Qeqertarsuaq|Greenland|1012|0|0|0|0|0|0|0|0|0|0|0|0|0|0|0|1|-53.6300|69.3831|Qeqertarsuaq
411|Nuuk|Greenland|12426|0|0|0|0|0|0|0|0|0|0|0|0|0|0|0|12|-51.5800|64.2712|Nuuk
412|Halifax|Canada|295990|0|0|0|0|0|0|0|0|0|0|0|0|0|0|0|296|-63.5800|44.6300|Halifax,_Nova_Scotia
413|Hammerfest|Norway|7208|0|0|0|0|0|0|0|0|0|0|0|0|0|0|0|7|23.9063|70.3913|Hammerfest
414|In Salah|Algeria|18800|0|0|0|0|0|0|0|0|0|0|0|0|0|0|0|19|2.5300|27.2000|In_Salah
415|Kigoma|Tanzania|50044|0|0|0|0|0|0|0|0|0|0|0|0|0|0|0|50|30.0000|-4.9500|Kigoma
416|Kotlas|Russia|69000|0|0|0|0|0|0|0|0|0|0|0|0|0|0|0|69|47.0000|61.1500|Kotlas
417|Laayoune|Western Sahara|93875|0|0|0|0|0|0|0|0|0|0|0|0|0|0|0|94|-13.1800|27.0000|Laayoune
418|Manado|Indonesia|217091|0|0|0|0|0|0|0|0|0|0|0|0|0|0|0|217|124.8842|1.4201|Manado
419|Mangalore|India|306078|0|0|0|0|0|0|0|0|0|0|0|0|0|0|0|306|75.1609|12.9500|Mangalore
420|Marrakesh|Morocco|535000|0|0|0|0|150|150|75|50|50|125|0|0|50|120|224|535|-8.0000|31.1500|Marrakesh
421|Mbabane|Swaziland|38290|0|0|0|0|0|0|0|0|0|0|0|0|0|0|0|38|31.1913|-26.3034|Mbabane
422|Nagasaki|Japan|449382|0|0|0|0|0|0|0|0|0|0|0|0|0|115|241|449|129.8575|32.8827|Nagasaki
423|Natal|Brazil|510106|0|0|0|0|0|0|0|0|0|0|0|0|0|0|0|510|-35.2500|-5.7800|Natal,_South_Africa
424|Nelson|New Zealand|33304|0|0|0|0|0|0|0|0|0|0|0|0|0|0|0|33|173.2700|-41.3000|Nelson,_New_Zealand
425|Nome|United States|3500|0|0|0|0|0|0|0|0|0|0|0|0|0|0|0|4|-165.2700|64.5863|Nome,_Alaska
426|Norilsk|Russia|174000|0|0|0|0|0|0|0|0|0|0|0|0|0|0|0|174|88.1000|69.3300|Norilsk
427|Nouadhibou|Mauritania|21961|0|0|0|0|0|0|0|0|0|0|0|0|0|0|0|22|-16.8256|20.9000|Nouadhibou
428|Novokuznetsk|Russia|600000|0|0|0|0|0|0|0|0|0|0|0|0|0|0|0|600|87.1700|53.7000|Novokuznetsk
429|Olympia|United States|97400|0|0|0|0|0|0|0|0|0|0|0|0|0|0|0|97|-122.8800|46.9200|Olympia,_Washington
430|Padang|Indonesia|296675|0|0|0|0|0|0|0|0|0|0|0|0|0|0|0|297|100.4751|-0.9176|Padang
431|Palembang|Indonesia|786607|0|0|0|0|0|0|0|0|0|0|0|0|0|0|255|787|104.8300|-3.0000|Palembang
432|Patras|Greece|154596|0|0|0|0|0|0|0|0|0|0|0|0|0|0|0|155|21.8832|38.1412|Patras
433|Petropavlovsk-Kamchatsky|Russia|269000|0|0|0|0|0|0|0|0|0|0|0|0|0|0|0|269|158.7200|53.2000|Petropavlovsk-Kamchatsky
434|Podgorica|Montenegro|82500|0|0|0|0|0|0|0|0|0|0|0|0|0|0|0|82|19.4000|42.5000|Podgorica
435|Pointe-Noire|Congo|294203|0|0|0|0|0|0|0|0|0|0|0|0|0|0|0|294|12.0581|-4.6387|Pointe-Noire
436|Port-Gentil|Gabon|124400|0|0|0|0|0|0|0|0|0|0|0|0|0|0|0|124|9.1533|-0.8200|Port-Gentil
437|Prince Rupert|Canada|16197|0|0|0|0|0|0|0|0|0|0|0|0|0|0|0|16|-130.0481|54.4203|Prince_Rupert,_British_Columbia
438|Saint John|Canada|121265|0|0|0|0|0|0|0|0|0|0|0|0|0|0|0|121|-65.6499|45.3381|Saint_John,_New_Brunswick
439|Saint-Louis|Senegal|91485|0|0|0|0|0|0|0|0|0|0|0|0|0|0|0|91|-16.2978|15.9512|Saint-Louis,_Senegal
440|Samsun|Turkey|240674|0|0|0|0|0|0|0|0|0|0|0|0|0|0|0|241|36.3700|41.3200|Samsun
441|São Luís|Brazil|600000|0|0|0|0|0|0|0|0|0|0|0|0|0|0|0|600|-44.4301|-2.5000|São_Luís,_Maranhão
442|Sarajevo|Bosnia and Herzegovina|341200|0|0|0|0|0|0|0|0|0|0|0|0|0|0|0|341|18.4300|43.8700|Sarajevo
443|Sept-Îles|Canada|29262|0|0|0|0|0|0|0|0|0|0|0|0|0|0|0|29|-66.4025|50.2825|Sept-Îles,_Quebec
444|Seward|United States|2699|0|0|0|0|0|0|0|0|0|0|0|0|0|0|0|3|-149.4500|60.1200|Seward,_Alaska
445|Skopje|Macedonia|444900|0|0|0|0|0|0|0|0|0|0|0|0|0|0|0|445|21.5300|42.0000|Skopje
446|Toliara|Madagascar|55000|0|0|0|0|0|0|0|0|0|0|0|0|0|0|0|55|44.0191|-23.2902|Toliara
447|Trujillo|Peru|354301|0|0|0|0|0|0|0|0|0|0|0|0|0|0|0|354|-79.0000|-7.9300|Trujillo,_Peru
448|Visakhapatnam|India|603630|0|0|0|0|0|0|0|0|0|0|0|0|0|0|0|604|83.3300|17.7500|Visakhapatnam
449|Vorkuta|Russia|116000|0|0|0|0|0|0|0|0|0|0|0|0|0|0|0|116|64.3300|67.8000|Vorkuta
450|Yazd|Iran|230483|0|0|0|0|0|0|40|0|0|0|0|0|0|0|0|230|54.4500|31.9700|Yazd
451|Zahedan|Iran|281923|0|0|0|0|0|0|0|0|0|0|0|0|0|0|0|282|60.8300|29.6000|Zahedan
452|Aden|Yemen|318000|0|0|0|0|0|0|0|0|0|0|0|0|0|0|0|318|45.1800|12.8612|Aden
453|Addis Ababa|Ethiopia|1500000|0|0|0|0|0|0|0|0|0|0|0|0|0|210|325|1500|38.7000|9.0300|Addis_Ababa
454|Kuwait City|Kuwait|1375000|0|0|0|0|0|0|0|0|0|0|0|0|0|0|0|1375|48.0028|29.1950|Kuwait_City
455|Antananarivo|Madagascar|663000|0|0|0|0|0|0|0|0|0|0|0|0|0|0|0|663|47.5000|-18.8700|Antananarivo
456|Riyadh|Saudi Arabia|1250000|0|0|0|0|0|0|0|0|0|0|0|0|0|0|0|1250|46.7700|24.6500|Riyadh
457|Asmara|Eritrea|275385|0|0|0|0|0|0|0|0|0|0|0|0|0|0|0|275|38.9700|15.3300|Asmara
458|Asunción|Paraguay|700000|0|0|0|0|0|0|0|0|0|0|0|0|0|0|205|700|-57.6700|-25.2200|Asunción
459|Athens|Greece|3027331|75|0|0|0|0|0|0|0|0|0|0|0|90|181|1140|3027|23.6549|38.1216|Athens
460|Baotou|China|1120000|0|0|0|0|0|0|0|0|0|0|0|0|0|0|0|1120|109.9800|40.6500|Baotou
461|Barcelona|Spain|4040000|0|0|0|0|0|0|0|0|0|0|90|113|166|552|1425|4040|2.1700|41.5300|Barcelona
462|Barranquilla|Colombia|1140000|0|0|0|0|0|0|0|0|0|0|0|0|0|0|280|1140|-74.6800|11.0143|Barranquilla
463|Beira|Mozambique|291604|0|0|0|0|0|0|0|0|0|0|0|0|0|0|0|292|35.0232|-19.7693|Beira,_Mozambique
464|Beirut|Lebanon|1675000|0|0|0|0|0|0|0|0|0|0|0|0|0|118|203|1675|35.6579|33.7800|Beirut
465|Belmopan|Belize|4500|0|0|0|0|0|0|0|0|0|0|0|0|0|0|0|4|-88.8000|17.1200|Belmopan
466|Bergen|Norway|239000|0|0|0|0|0|0|0|0|0|0|0|0|0|72|0|239|5.4907|60.3500|Bergen
467|Bissau|GuineaBissau|109486|0|0|0|0|0|0|0|0|0|0|0|0|0|0|0|109|-15.6500|11.9110|Bissau
468|Cape Town|South Africa|1790000|0|0|0|0|0|0|0|0|0|0|0|0|0|148|565|1790|18.6904|-33.8040|Cape_Town
469|Cardiff|United Kingdom|625000|0|0|0|0|0|0|0|0|0|0|0|0|0|169|304|625|-3.1500|51.5000|Cardiff
470|Casablanca|Morocco|2475000|0|0|0|0|0|0|0|0|0|0|0|0|0|0|647|2475|-7.5341|33.5444|Casablanca
471|Cayenne|Fr Guiana|38091|0|0|0|0|0|0|0|0|0|0|0|0|0|0|0|38|-52.4000|4.9200|Cayenne
472|Chittagong|Bangladesh|1391877|0|0|0|0|0|0|0|0|0|0|0|0|0|0|252|1392|91.8328|22.4800|Chittagong
473|Colombo|Sri Lanka|2050000|0|0|0|0|0|0|0|0|0|0|0|0|0|152|600|2050|80.0883|7.0200|Colombo
474|Conakry|Guinea|800000|0|0|0|0|0|0|0|0|0|0|0|0|0|0|0|800|-12.8000|9.5200|Conakry
475|Dakar|Senegal|1428084|0|0|0|0|0|0|0|0|0|0|0|0|0|0|0|1428|-16.8481|14.6300|Dakar
476|Denver|United States|1405300|0|0|0|0|0|0|0|0|0|0|0|0|0|135|496|1405|-105.0700|39.7500|Denver
477|Dushanbe|Tajikistan|595000|0|0|0|0|0|0|0|0|0|0|0|0|0|0|0|595|68.9000|38.6300|Dushanbe
478|Edmonton|Canada|785465|0|0|0|0|0|0|0|0|0|0|0|0|0|0|0|785|-113.2700|53.5700|Edmonton
479|Giza|Egypt|1870508|0|0|0|0|0|0|0|0|0|0|0|0|0|0|0|1871|30.8500|30.4700|Giza
480|Freetown|Sierra Leone|525000|0|0|0|0|0|0|0|0|0|0|0|0|0|0|0|525|-12.9103|8.3828|Freetown
481|Bishkek|Kyrgyzstan|616000|0|0|0|0|0|0|0|0|0|0|0|0|0|0|0|616|74.7700|42.8800|Bishkek
482|Genoa|Italy|805000|0|0|0|0|0|60|85|66|62|65|67|49|110|269|676|805|8.9223|44.4551|Genoa
483|Georgetown|Guyana|188000|0|0|0|0|0|0|0|0|0|0|0|0|0|0|0|188|-58.1700|6.7700|Georgetown,_Guyana
484|Gothenburg|Sweden|710894|0|0|0|0|0|0|0|0|0|0|0|0|0|130|383|711|12.0000|57.7500|Gothenburg
485|Harare|Zimbabwe|890000|0|0|0|0|0|0|0|0|0|0|0|0|0|0|0|890|31.0200|-17.8300|Harare
486|Havana|Cuba|2125000|0|0|0|0|0|0|0|0|0|0|0|60|131|243|1090|2125|-82.4165|23.0490|Havana
487|Jeddah|Saudi Arabia|1300000|0|0|0|0|0|0|0|0|0|0|0|0|0|0|0|1300|39.3733|21.6200|Jeddah
488|Kampala|Uganda|460000|0|0|0|0|0|0|0|0|0|0|0|0|0|0|0|460|32.5800|0.3200|Kampala
489|Kano|Nigeria|538300|0|0|0|0|0|0|0|0|50|0|0|0|0|0|0|538|8.5200|11.9200|Kano
490|Kaohsiung|Taiwan|1845000|0|0|0|0|0|0|0|0|0|0|0|0|0|0|0|1845|120.3415|22.6734|Kaohsiung
491|Karachi|Pakistan|5300000|0|0|0|0|0|0|0|0|0|0|0|0|0|114|950|5300|67.0300|24.8500|Karachi
492|Khabarovsk|Russia|601000|0|0|0|0|0|0|0|0|0|0|0|0|0|0|255|601|135.0700|48.5300|Khabarovsk
493|Khartoum|Sudan|924000|0|0|0|0|0|0|0|0|0|0|0|0|0|0|210|924|32.5300|15.5500|Khartoum
494|Chișinău|Moldova|665000|0|0|0|0|0|0|0|0|0|0|0|0|0|125|0|665|28.8300|47.0000|Chișinău
495|Copenhagen|Denmark|1685000|0|0|0|0|0|0|0|0|0|0|62|100|135|462|1150|1685|12.5500|55.7200|Copenhagen
496|Lagos|Nigeria|3800000|0|0|0|0|0|0|0|0|0|0|0|0|0|0|247|3800|3.3000|6.4500|Lagos
497|Le Havre|France|254595|0|0|0|0|0|0|0|0|0|0|0|0|0|150|0|255|0.2200|49.3240|Le_Havre
498|Libreville|Gabon|235700|0|0|0|0|0|0|0|0|0|0|0|0|0|0|0|236|9.4905|-0.5041|Libreville
499|Lilongwe|Malawi|233973|0|0|0|0|0|0|0|0|0|0|0|0|0|0|0|234|33.8200|-13.9200|Lilongwe
500|Lima|Peru|4344000|0|0|0|0|0|0|0|0|0|0|0|54|70|122|923|4344|-76.8236|-12.0680|Lima
501|Lisbon|Portugal|2250000|0|0|0|0|0|0|0|55|55|100|188|237|262|363|875|2250|-9.1300|38.7300|Lisbon
502|Liverpool|United Kingdom|1525000|0|0|0|0|0|0|0|0|0|0|0|76|425|940|1260|1525|-2.9790|53.4091|Liverpool
503|Lomé|Togo|400000|0|0|0|0|0|0|0|0|0|0|0|0|0|0|0|400|1.3500|6.2800|Lomé
504|Los Angeles|United States|9763600|0|0|0|0|0|0|0|0|0|0|0|0|0|107|3986|9764|-118.2500|34.0000|Los_Angeles
505|Luanda|Angola|1459900|0|0|0|0|0|0|0|0|0|0|0|0|0|0|0|1460|13.4618|-9.0000|Luanda
506|Lubumbashi|Congo|543268|0|0|0|0|0|0|0|0|0|0|0|0|0|0|0|543|27.5500|-11.6800|Lubumbashi
507|Lusaka|Zambia|535830|0|0|0|0|0|0|0|0|0|0|0|0|0|0|0|536|28.1700|-15.4300|Lusaka
508|Malabo|Eq Guinea|30710|0|0|0|0|0|0|0|0|0|0|0|0|0|0|0|31|8.8200|3.6447|Malabo
509|Manila|Philippines|5474000|0|0|0|0|0|0|0|0|0|0|0|77|114|190|1400|5474|121.1734|14.5500|Manila
510|Marseille|France|1225000|0|0|0|0|0|0|0|0|0|0|75|83|139|410|625|1225|5.3800|43.3000|Marseille
511|Muscat|Oman|50000|0|0|0|0|0|0|0|0|0|0|0|0|60|0|0|50|Muscat|58.6275|23.5166|Muscat,_Oman
512|Mazatlán|Mexico|199830|0|0|0|0|0|0|0|0|0|0|0|0|0|0|0|200|-106.2700|23.3615|Mazatlán
513|Mombasa|Kenya|442369|0|0|0|0|0|0|0|0|0|0|0|0|0|0|0|442|39.6700|-4.0200|Mombasa
514|Monrovia|Liberia|465000|0|0|0|0|0|0|0|0|0|0|0|0|0|0|0|465|-10.7700|6.5174|Monrovia
515|Montevideo|Uruguay|1550000|0|0|0|0|0|0|0|0|0|0|0|0|0|268|797|1550|-56.1700|-34.9200|Montevideo
516|Moscow|Russia|13100000|0|0|0|0|0|0|0|0|80|80|114|248|373|1120|5100|13100|37.7000|55.7500|Moscow
517|Nairobi|Kenya|1286200|0|0|0|0|0|0|0|0|0|0|0|0|0|0|0|1286|36.8300|-1.1700|Nairobi
518|Naples|Italy|2875000|0|0|0|0|0|0|40|60|114|224|207|430|413|563|1210|2875|14.2700|40.8300|Naples
519|New York|United States|16472000|0|0|0|0|0|0|0|0|0|0|0|63|645|4242|12463|16472|-74.1000|40.7500|New_York_City
520|Newark|United States|329248|0|0|0|0|0|0|0|0|0|0|0|0|0|0|0|329|-74.2000|40.7200|Newark,_New_Jersey
521|Nouakchott|Mauritania|285000|0|0|0|0|0|0|0|0|0|0|0|0|0|0|0|285|-15.7829|18.0300|Nouakchott
522|Odense|Denmark|138400|0|0|0|0|0|0|0|0|0|0|0|0|0|0|0|138|9.9030|55.5745|Odense
523|Omdurman|Sudan|526287|0|0|0|0|0|0|0|0|0|0|0|0|0|0|0|526|32.4800|15.6200|Omdurman
524|Oran|Algeria|628558|0|0|0|0|0|0|0|0|0|0|0|0|0|87|270|629|-0.5200|35.7500|Oran
525|Oslo|Norway|720000|0|0|0|0|0|0|0|0|0|0|0|0|0|0|434|720|10.7200|59.9300|Oslo
526|Ouagadouou|Burkina Faso|441514|0|0|0|0|0|0|0|0|0|0|0|0|0|0|0|442|-1.6700|12.4800|Ouagadougou
527|Palermo|Italy|723732|0|0|0|75|90|150|120|90|110|105|125|135|170|255|470|724|13.4000|38.1300|Palermo
528|Panama|Panama|625000|0|0|0|0|0|0|0|0|0|0|0|0|0|0|0|625|-79.4000|8.9500|Panama_City
529|Paramaribo|Suriname|241000|0|0|0|0|0|0|0|0|0|0|0|0|0|0|0|241|-55.2300|5.9300|Paramaribo
530|Perth|Australia|994472|0|0|0|0|0|0|0|0|0|0|0|0|0|0|302|994|115.9234|-31.9759|Perth
531|Port Moresby|Papua N Guin|152100|0|0|0|0|0|0|0|0|0|0|0|0|0|0|0|152|147.4145|-9.5500|Port_Moresby
532|Porto|Portugal|1225000|0|0|0|0|0|0|0|0|0|0|0|67|99|175|355|1225|-8.4879|41.1500|Porto
533|Kandahar|Afghanistan|203000|0|0|0|0|0|0|0|0|0|0|0|0|0|0|0|203|65.5000|31.6000|Kandahar
534|Quezon City|Philippines|1326035|0|0|0|0|0|0|0|0|0|0|0|0|0|0|0|1326|121.0300|14.6500|Quezon_City
535|Rabat|Morocco|980000|0|0|0|0|0|50|0|0|0|0|0|0|0|0|217|980|-6.7480|33.9202|Rabat
536|Reykjavik|Iceland|137941|0|0|0|0|0|0|0|0|0|0|0|0|0|0|0|138|-21.3368|64.3133|Reykjavík
537|Riga|Latvia|1005000|0|0|0|0|0|0|0|0|0|0|0|0|61|294|475|1005|24.0500|56.8800|Riga
538|Rome|Italy|3175000|450|100|50|0|0|0|0|0|0|102|138|142|158|438|1665|3175|12.5200|41.8800|Rome
539|Salvador|Brazil|2050000|0|0|0|0|0|0|0|0|0|0|0|0|100|205|389|2050|-38.4800|-12.6003|Salvador,_Bahia
540|Shiraz|Iran|848289|0|0|0|52|0|0|0|80|60|0|0|0|0|0|0|848|52.5700|29.6300|Shiraz
541|Stockholm|Sweden|1449972|0|0|0|0|0|0|0|0|0|0|0|75|93|300|923|1450|18.0843|59.2446|Stockholm
542|Surabaya|Indonesia|2027913|0|0|0|0|0|0|40|0|0|0|0|0|60|146|750|2028|112.6844|-7.4000|Surabaya
543|Tainan|Taiwan|656927|0|0|0|0|0|0|0|0|0|0|0|0|0|0|300|657|120.2300|23.1700|Tainan
544|Tampa|United States|594500|0|0|0|0|0|0|0|0|0|0|0|0|0|0|0|594|-82.5930|27.9974|Tampa,_Florida
545|Tel Aviv-Yafo|Israel|1670000|0|0|0|0|0|0|0|0|0|0|0|0|0|0|321|1670|34.8568|31.9172|Tel_Aviv
546|Thessaloniki|Greece|706180|35|0|0|40|50|0|0|0|0|0|0|62|75|140|217|706|22.8000|40.6300|Thessaloniki
547|Tashkent|Uzbekistan|2325000|0|0|0|0|0|0|0|0|0|0|0|0|90|180|650|2325|69.3499|41.2479|Tashkent
548|Tripoli|Lebanon|198000|0|0|0|0|0|0|0|0|0|0|0|0|0|0|0|198|36.0071|34.3438|Tripoli,_Lebanon
549|Valparaiso|Chile|675000|0|0|0|0|0|0|0|0|0|0|0|0|0|145|298|675|-71.2993|-32.9000|Valparaíso
550|Vancouver|Canada|1380729|0|0|0|0|0|0|0|0|0|0|0|0|0|0|525|1381|-122.9631|Vancouver
551|Vladivostok|Russia|648000|0|0|0|0|0|0|0|0|0|0|0|0|0|0|240|648|131.9604|43.1300|Vladivostok
552|Walvis Bay|South Africa|16607|0|0|0|0|0|0|0|0|0|0|0|0|0|0|0|17|14.6171|-23.1019|Walvis_Bay
553|Windhoek|Namibia|114500|0|0|0|0|0|0|0|0|0|0|0|0|0|0|0|114|17.1000|-22.5700|Windhoek
554|Wellington|New Zealand|350000|0|0|0|0|0|0|0|0|0|0|0|0|0|0|204|350|175.1449|-41.2104|Wellington
555|Seattle|United States|2077100|0|0|0|0|0|0|0|0|0|0|0|0|0|85|620|2077|-122.3167|47.5886|Seattle
556|San Diego|United States|2098500|0|0|0|0|0|0|0|0|0|0|0|0|0|0|432|2098|-117.1255|32.7615|San_Diego
557|Iquique|Chile|110153|0|0|0|0|0|0|0|0|0|0|0|0|0|0|0|110|-69.9133|-20.2600|Iquique
558|Abu Zaby|Untd Arab Em|242975|0|0|0|0|0|0|0|0|0|0|0|0|0|0|0|243|54.6193|24.2360|Abu_Dhabi
559|San Cristóbal|Venezuela|198793|0|0|0|0|0|0|0|0|0|0|0|0|0|0|0|199|-72.0055|7.5766|San_Cristóbal,_Táchira
560|Astrakhan|Russia|509000|0|0|0|0|0|0|0|0|0|0|0|0|0|121|270|509|48.0000|46.2500|Astrakhan
561|Salto|Uruguay|77400|0|0|0|0|0|0|0|0|0|0|0|0|0|0|0|77|-57.7088|-31.3052|Salto,_Uruguay
562|Yellowknife|Canada|11753|0|0|0|0|0|0|0|0|0|0|0|0|0|0|0|12|-114.0614|62.5206|Yellowknife
563|Hilo|United States|43200|0|0|0|0|0|0|0|0|0|0|0|0|0|0|0|43|-155.0673|19.7148|Hilo,_Hawaii
564|Honolulu|United States|762600|0|0|0|0|0|0|0|0|0|0|0|0|0|0|248|763|-157.8062|21.3212|Honolulu
565|Anchorage|United States|184300|0|0|0|0|0|0|0|0|0|0|0|0|0|0|0|184|-149.1730|61.1886|Anchorage|_Alaska
566|Fairbanks|United States|39900|0|0|0|0|0|0|0|0|0|0|0|0|0|0|0|40|-147.6512|64.8387|Fairbanks|_Alaska
567|Juneau|United States|19528|0|0|0|0|0|0|0|0|0|0|0|0|0|0|0|20|-134.1325|58.3910|Juneau|_Alaska
568|San Jose|United States|629400|0|0|0|0|0|0|0|0|0|0|0|0|0|0|0|629|-121.8475|37.3081|San_Jose|_California
569|Chihuaha|Mexico|385603|0|0|0|0|0|0|0|0|0|0|0|0|0|0|0|386|-105.9666|28.5581|Chihuahua_City
570|Veracruz|Mexico|385000|0|0|0|0|0|0|0|0|0|0|0|0|0|0|0|385|-96.0841|19.0097|Veracruz
571|Oaxaca|Mexico|154223|0|0|0|0|0|0|0|0|0|0|0|0|0|0|0|154|-96.9420|16.9209|Oaxaca
572|Hong Kong|United Kingdom|5395997|0|0|0|0|0|0|0|0|0|0|0|0|0|192|2100|5396|114.1457|22.4284|Hong_Kong
573|Kowloon|United Kingdom|774781|0|0|0|0|0|0|0|0|0|0|0|0|0|0|0|775|114.2301|22.3799|Kowloon
574|Singapore|Singapore|3025000|0|0|0|0|0|0|0|0|0|0|0|0|0|193|740|3025|104.1771|1.2298|Singapore
575|Seleucia|Iraq|0|250|0|0|0|0|0|0|0|0|0|0|0|0|0|0|0|44.5235|33.1368|Seleucia
576|Antioch|Turkey|0|150|150|0|0|0|0|0|0|0|0|0|0|0|0|0|0|36.1655|36.2189|Antioch
577|Anuradhapura|Sri Lanka|0|130|60|0|0|0|0|0|0|0|0|0|0|0|0|0|0|80.4949|8.3716|Anuradhapura
578|Peshawar|Pakistan|0|120|0|0|0|0|0|0|0|0|0|0|80|90|96|0|0|71.7779|34.1007|Peshawar
579|Carthage|Tunisia|0|100|100|0|0|0|0|0|0|0|0|0|0|0|0|0|0|10.3000|36.8748|Carthage
580|Suzhou|China|0|100|75|84|78|88|63|91|129|122|134|140|243|330|280|511|1183|120.6609|31.1824|Suzhou
581|Ecbatana|Iran|0|90|0|0|0|0|0|0|0|0|0|0|0|0|0|0|0|48.3809|34.7808|Ecbatana
582|Paithan|India|0|90|0|0|0|0|0|0|0|0|0|0|0|0|0|0|0|75.2200|19.5316|Paithan
583|Patala|India|0|75|0|0|0|0|0|0|0|0|0|0|0|0|0|0|0|77.5004|28.8865|Patala,_Uttar_Pradesh
584|Edessa|Turkey|0|75|90|60|50|41|0|0|0|0|0|0|0|0|0|0|0|38.7916|37.1510|Edessa
585|Nusaybin|Turkey|0|70|75|0|0|0|0|0|0|0|0|0|0|0|0|0|0|41.2197|37.0810|Nusaybin
586|Cádiz|Spain|0|65|0|0|0|0|0|0|0|0|0|0|87|88|113|0|0|-6.2442|36.4668|Cádiz
587|Dahod|India|0|65|0|0|0|0|0|0|0|0|0|0|0|0|0|0|0|74.2550|22.8738|Dahod
588|Salalah|Oman|0|60|0|0|0|0|0|0|0|0|0|0|0|0|0|0|0|54.1430|17.0445|Salalah
589|Puhar|India|0|60|0|0|0|0|0|0|0|0|0|0|0|0|0|0|0|79.8549|11.1440|Puhar
590|Syracuse|Italy|0|60|0|0|0|0|0|0|0|0|0|0|0|0|0|0|0|15.2855|37.0911|Syracuse,_Sicily
591|Babylon|Iraq|0|60|0|0|0|0|0|0|0|0|0|0|0|0|0|0|0|44.4402|32.8055|Babylon
592|Kashiwara|Japan|0|51|0|0|0|0|0|0|0|0|0|0|0|0|0|0|0|135.5606|34.5567|Kashiwara,_Osaka
593|Ephesus|Turkey|0|51|0|0|0|0|0|0|0|0|0|0|0|0|0|0|0|27.3169|37.9610|Ephesus
594|Corinth|Greece|0|50|0|0|0|0|0|0|0|0|0|0|0|0|0|0|0|22.9667|37.9587|Corinth
595|Leptis Magna|Lybia|0|50|0|0|0|0|0|0|0|0|0|0|0|0|0|0|0|14.1935|32.6587|Leptis_Magna
596|Memphis|Egypt|0|50|0|0|0|0|0|0|0|0|0|0|0|0|0|0|0|31.1962|29.9602|Memphis,_Egypt
597|Kolhapur|India|0|50|0|0|0|0|0|0|0|0|0|0|0|0|0|0|0|74.6534|16.6639|Kolhapur
598|Balkh|Afghanistan|0|50|50|0|0|0|0|0|0|0|0|0|0|0|0|0|0|66.5258|36.5761|Balkh
599|Srinagar|India|0|50|50|0|0|0|0|0|0|0|0|125|52|70|122|243|0|74.7271|34.1020|Srinagar
600|Ganzhou|China|0|50|0|55|40|0|0|0|0|0|0|0|0|0|0|0|0|114.9335|25.8659|Ganzhou
601|Nîmes|France|0|45|0|0|0|0|0|0|0|0|0|0|0|0|0|0|0|4.1040|44.1774|Nîmes
602|Pergamon|Turkey|0|40|0|0|0|0|0|0|0|0|0|0|0|0|0|0|0|27.1065|39.1343|Pergamon
603|Ujjain|India|0|40|0|50|45|0|0|0|0|0|70|0|100|0|0|0|0|76.0180|23.2033|Ujjain
604|Datong|China|0|40|60|0|0|0|0|0|0|0|0|0|0|0|0|0|0|113.2993|40.0833|Datong
605|Petra|Jordan|0|30|0|0|0|0|0|0|0|0|0|0|0|0|0|0|0|35.4226|30.4946|Petra
606|Capua|Italy|0|36|0|0|0|0|0|0|0|0|0|0|0|0|0|0|0|14.1988|41.1222|Capua
607|Teotihuacan|Mexico|0|45|125|0|0|0|0|0|0|0|0|0|0|0|0|0|0|-98.8755|19.6883|Teotihuacan
608|El Mirador|Guatemala|0|80|0|0|0|0|0|0|0|0|0|0|0|0|0|0|0|-89.7970|17.6542|El_Mirador
609|Ostia|Italy|0|30|0|0|0|0|0|0|0|0|0|0|0|0|0|0|0|12.2916|41.7562|Ostia_Antica
610|Gortyn|Greece|0|30|0|0|0|0|0|0|0|0|0|0|0|0|0|0|0|24.9025|34.9505|Gortyn
611|Ctesiphon|Iraq|0|0|400|0|0|0|0|0|0|0|0|0|0|0|0|0|0|44.5418|33.1622|Ctesiphon
612|Sialkot|Pakistan|0|0|90|0|0|0|0|0|0|0|0|0|0|0|0|0|0|74.3090|32.6420|Sialkot
613|Diyarbakır|Turkey|0|80|0|0|0|42|0|0|0|0|0|0|0|0|0|0|0|40.2335|37.9130|Diyarbakır
614|Pyay|Myanmar|0|75|0|0|0|0|0|0|0|0|0|0|0|0|0|0|0|95.3665|18.7833|Pyay
615|Gwalior|India|0|0|75|0|0|0|0|0|0|0|0|0|0|71|0|238|0|78.2569|26.2014|Gwalior
616|Mandsaur|India|0|0|75|0|0|0|0|0|0|0|0|0|0|0|0|0|0|75.0722|24.0680|Mandsaur
617|Kanchipuram|India|0|0|60|0|0|70|44|0|0|0|0|0|0|0|0|0|0|79.7092|12.8225|Kanchipuram
618|Taloqan|Afghanistan|0|0|50|0|0|0|0|0|0|0|0|0|0|0|0|0|0|69.5337|36.7341|Taloqan
619|Shaizar|Syria|0|0|50|55|40|50|0|0|0|0|0|0|0|0|0|0|0|36.5653|35.2684|Shaizar
620|Nishapur|Iran|0|0|50|45|125|100|0|0|0|0|0|0|0|0|0|0|0|59.0252|36.3058|Nishapur
621|Merv|Tukrmenistan|0|0|50|60|0|100|46|0|0|0|0|0|0|0|0|0|0|62.1550|37.4875|Merv
622|Córdoba|Spain|0|0|100|160|450|60|60|40|0|0|0|0|0|0|0|0|0|-4.7810|37.9124|Córdoba,_Andalusia
623|Goa|India|0|0|0|72|0|0|0|0|0|60|63|0|0|0|0|0|0|73.9645|15.4621|Old_Goa
624|Kannauj|India|0|0|0|80|72|80|0|0|0|0|0|0|0|0|0|0|0|79.9917|26.9632|Kannauj
625|Kairwan|Tunesia|0|0|0|80|80|0|0|0|0|0|0|0|0|0|0|0|0|9.7366|35.4219|Kairouan
626|Kufa|Iraq|0|0|0|70|0|0|0|0|0|0|0|0|0|0|0|0|0|44.2323|32.4710|Kufa
627|Copán|Honduras|0|0|0|70|0|0|0|0|0|0|0|0|0|0|0|0|0|-88.7400|15.0449|Copán
628|Rayy|Iran|0|60|60|100|100|85|80|0|0|0|0|0|0|0|0|0|0|51.6484|35.7631|Rey,_Iran
629|Yogyakarta|Indonesia|0|0|0|60|50|0|0|0|0|0|0|0|0|0|72|240|0|110.4072|-7.7740|Yogyakarta
630|Anbar|Iraq|0|0|0|60|0|0|0|0|0|0|0|0|0|0|0|0|0|43.4236|33.3994|Anbar_(town)
631|Kaifeng|China|0|0|0|55|400|442|100|90|90|80|80|80|80|90|150|280|0|116.3444|36.2616|Kaifeng
632|Gyeongju|South Korea|0|0|0|55|0|0|0|0|0|0|0|0|0|0|0|0|0|129.2206|35.9021|Gyeongju
633|Yayapuram|India|0|0|0|50|0|0|0|0|0|0|0|0|0|0|0|0|0|80.8993|16.1555
634|Ellora|India|0|0|0|45|0|0|0|0|0|0|0|0|0|0|0|0|0|75.1657|20.0727|Ellora_Caves
635|Bukhara|Uzbekistan|0|0|0|45|75|70|70|0|0|50|100|80|70|70|0|0|0|64.2674|39.4620|Bukhara
636|Mansura|Pakistan|0|0|0|60|65|50|0|0|0|0|0|0|0|0|0|0|0|68.4018|25.2691|Mansura_(Brahmanabad)
637|Dali_City|China|0|0|0|75|90|100|100|0|0|0|0|0|0|0|0|0|0|101.8693|25.6622|Dali_City
638|Indrapura|Vietnam|0|0|50|50|0|60|0|0|0|0|0|0|0|0|0|0|0|106.2770|10.9918|Indrapura_(Champa)
639|Jayapuram|India|0|0|0|50|0|0|0|0|0|0|0|0|0|0|0|0|0|74.5371|34.4145
640|Malatya|Turkey|0|0|0|50|0|0|0|0|0|0|0|0|0|0|0|0|0|38.3866|38.3313|Malatya
641|Kermanshah|Iran|0|0|0|45|0|0|0|0|0|0|0|0|0|0|0|0|0|47.3693|34.2332|Kermanshah
642|Qus|Egypt|0|0|0|40|45|50|50|50|50|0|0|0|0|0|0|0|0|32.7888|25.9590|Qus
643|Tikal|Guatemala|0|0|40|50|0|0|0|0|0|0|0|0|0|0|0|0|0|-89.6143|17.0583|Tikal
644|Patan|India|0|0|0|40|100|100|90|60|60|0|0|0|0|0|0|0|0|73.3571|19.9440|Patan,_Gujarat
645|Yangzhou|China|0|0|50|70|50|48|50|84|60|60|0|0|65|0|0|0|0|119.9388|32.2376|Yangzhou
646|Angkor|Cambodia|0|0|0|0|200|125|175|90|0|0|0|0|0|0|0|0|0|103.8204|13.3886|Angkor
647|Thanjavur|India|0|0|0|0|90|70|60|50|0|0|0|0|0|0|103|251|0|78.9604|10.9012|Thanjavur
648|Tennis|Egypt|0|0|0|0|83|110|70|0|0|0|0|0|0|0|0|0|0|32.2652|31.2717|Tennis,_Egypt
649|Ani|Armenia|0|0|0|0|75|0|0|0|0|0|0|0|0|0|0|0|0|43.7864|40.2996|Ani
650|Manyakheta|India|0|0|0|0|72|0|0|0|0|0|0|0|0|0|0|0|0|77.2567|17.2209|Manyakheta
651|Ozkend|Kyrgyzstan|0|0|0|0|70|0|0|0|0|0|0|0|0|0|0|0|0|72.5515|41.5224
652|Songdo|South Korea|0|0|0|0|60|60|0|0|0|0|0|0|0|0|0|0|0|127.5869|34.9175
653|Ghazni|Afghanistan|0|0|0|0|60|0|0|0|0|0|0|0|0|0|0|0|0|68.4454|33.6328|Ghazni
654|Khambhat|India|0|0|0|0|60|55|50|60|60|65|70|0|0|0|0|0|0|72.6375|22.3539|Khambhat
655|Somnath|India|0|0|0|0|54|0|0|0|0|0|0|0|0|0|0|0|0|70.2201|20.5295|Somnath
656|Tula|Mexico|0|0|0|0|50|50|50|50|60|60|0|0|0|0|0|0|0|-99.2335|20.4388|Tula_(Mesoamerican_site)
657|Siraf|Iran|0|0|0|0|50|0|0|0|0|0|0|0|0|0|0|0|0|52.3620|27.6470|Siraf
658|Bagan|Myanmar|0|0|0|0|50|100|180|0|0|0|0|0|0|0|0|0|0|94.9989|21.1538|Bagan
659|Thanesar|India|0|0|0|0|45|0|0|0|0|0|0|0|0|0|0|0|0|76.9560|29.7926|Thanesar
660|Balasagun|Kyrgyzstan|0|0|0|0|45|45|47|0|0|0|0|0|0|0|0|0|0|75.1754|42.2616|Balasagun
661|Xiangyang|China|0|0|0|0|45|55|47|0|0|0|0|0|0|0|0|0|0|112.1962|32.0182|Xiangyang
662|Liaoyang|China|0|0|0|0|40|40|0|0|0|0|0|0|0|0|0|0|0|123.2561|41.2770|Liaoyang
663|Ohrid|Macedonia|0|0|0|0|40|0|0|0|0|0|0|0|0|0|0|0|0|20.8331|41.1444|Ohrid
664|Byōdō-in|Japan|0|0|0|0|40|0|0|0|0|0|0|0|0|0|0|0|0|135.5098|34.5051|Byōdō-in
665|Khajuraho|India|0|0|0|0|40|0|0|0|0|0|0|0|0|0|0|0|0|80.0768|24.9351|Khajuraho_Group_of_Monuments
666|Al-Hasa|Saudi Arabia|0|0|0|0|110|0|0|0|0|0|0|0|0|0|0|0|0|49.7339|25.2625|Al-Hasa
667|Kalyan|India|0|0|0|0|90|150|60|0|0|0|0|0|0|0|0|0|0|73.1370|19.2471|Kalyan
668|Ningxia|China|0|0|0|0|0|80|80|50|0|0|0|90|60|0|0|0|0|105.4483|37.2765|Ningxia
669|Granada|Spain|0|0|0|0|0|60|60|90|90|70|78|70|53|58|75|0|0|-3.6019|37.1991|Granada
670|Salerno|Italy|0|0|0|0|0|50|0|0|0|0|0|0|0|0|0|0|0|14.7482|40.7015|Salerno
671|Sivas|Turkey|0|0|0|0|0|45|45|0|0|0|0|0|0|0|0|0|0|37.0294|39.7653|Sivas
672|Meknes|Morocco|0|0|0|0|0|40|40|40|0|0|0|70|0|56|0|0|0|-5.5960|33.8144|Meknes
673|Polonnaruwa|Sri Lanka|0|0|0|0|0|40|75|0|0|0|0|0|0|0|0|0|0|81.1114|8.5447|Polonnaruwa
674|Kunming|China|0|0|0|0|0|40|50|50|50|50|0|0|0|0|0|0|0|102.5898|25.3212|Kunming
675|Kamakura|Japan|0|0|0|0|0|0|175|200|0|0|0|0|0|0|0|0|0|139.5313|35.1526|Kamakura
676|Damietta|Egypt|0|0|0|0|0|70|100|108|90|0|0|0|0|0|0|0|0|31.2574|31.2494|Damietta
677|Puri|India|0|0|0|0|0|0|75|0|0|0|0|0|0|0|0|0|0|85.5032|20.0271|Puri
678|Konya|Turkey|0|0|0|0|0|0|70|40|0|0|0|0|0|0|0|0|0|32.5037|37.8740|Konya
679|Gauda|India|0|0|0|0|0|0|60|100|120|200|0|0|0|0|0|0|0|88.1061|24.9909|Gauda_(city)
680|Tenayuca|Mexico|0|0|0|0|0|0|50|0|0|0|0|0|0|0|0|0|0|-99.1245|19.3360|Tenayuca
681|Kalinjar|India|0|0|0|0|0|0|50|0|0|0|0|0|0|0|0|0|0|80.4543|25.0382|Kalinjar_Fort
682|Jingdezhen|China|0|0|0|0|0|0|50|50|75|60|75|100|164|170|0|0|0|117.1043|29.1646|Jingdezhen
683|Kayseri|Turkey|0|0|0|0|0|50|50|0|0|0|0|0|0|0|0|0|0|35.4766|38.7482|Kayseri
684|Qum|Iran|0|0|0|0|0|0|50|0|0|0|0|0|0|0|0|0|0|51.0576|34.7682|Qum
685|Haripunjai|Thailand|0|0|0|0|0|0|44|0|0|0|0|0|0|0|0|0|0|99.0624|17.8809|Haripunjai
686|Rouen|France|0|0|0|0|0|0|40|50|80|50|60|63|80|104|185|225|0|1.0882|49.4426|Rouen
687|Ceuta|Morocco|0|0|0|0|0|0|40|40|0|0|0|0|0|0|0|0|0|-5.3529|35.8917|Ceuta
688|Acre|Israel|0|0|0|0|0|0|40|0|0|0|0|0|0|0|0|0|0|35.0861|32.9503|Acre,_Israel
689|Bejaia|Algeria|0|0|0|0|0|50|50|50|0|0|0|0|0|0|0|0|0|5.0416|36.7478|Bejaia
690|Kish|Iraq|0|0|0|0|0|0|40|0|0|0|0|0|0|0|0|0|0|45.0430|35.2501|Kish_(Sumer)
691|León|Spain|0|0|0|0|0|0|40|0|0|0|0|0|0|0|0|0|0|-5.5701|42.6039|León,_Spain
692|Sarai|Russia|0|0|0|0|0|0|100|200|90|0|0|0|0|0|0|0|0|44.9759|48.6509|Sarai_(city)
693|Cuttack|India|0|0|0|0|0|0|0|90|75|140|60|0|0|0|0|0|0|85.7901|20.4821|Cuttack
694|Warangal|India|0|0|0|0|0|0|0|80|0|0|0|0|0|0|0|0|0|79.7190|18.1986|Warangal
695|Quanzhou|China|0|0|0|0|0|0|0|80|65|60|0|0|0|0|0|0|0|118.7569|24.5031|Quanzhou
696|Vijayanagar|India|0|0|0|0|0|0|0|200|400|500|0|0|0|0|0|0|0|77.1843|12.1387|Vijayanagar,_Bangalore
697|Gulbarga|India|0|0|0|0|0|0|0|0|90|0|0|0|0|0|0|0|0|77.6340|17.3978|Gulbarga
698|Tlemcen|Algeria|0|0|0|0|0|0|0|50|70|0|0|0|0|0|0|0|0|-1.1627|34.8197|Tlemcen
699|Bursa|Turkey|0|0|0|0|0|0|0|50|70|45|70|60|50|73|71|170|320|29.0595|40.2071|Bursa
700|Ayutthaya|Thailand|0|0|0|0|0|0|0|0|70|125|100|150|0|0|0|0|0|100.3548|14.3575|Phra_Nakhon_Si_Ayutthaya_(city)
701|Padua|Italy|0|0|0|0|0|0|0|0|60|0|0|0|0|0|0|0|0|11.8769|45.4139|Padua
702|Bruges|Belgium|0|0|0|0|0|0|0|50|60|60|0|0|0|0|0|0|0|3.2296|51.2107|Bruges
703|Kollam|India|0|0|0|0|0|0|0|50|60|0|0|0|0|0|0|0|0|76.6150|8.8953|Kollam
704|Ningbo|China|0|0|0|0|0|0|0|0|60|0|60|72|80|90|257|210|0|121.4430|29.4801|Ningbo
705|Sultanieh|Iran|0|0|0|0|0|0|0|0|50|0|0|0|0|0|0|0|0|48.4954|36.3570|Soltanieh
706|Kangaba|Mali|0|0|0|0|0|0|0|40|50|0|0|0|0|0|0|0|0|-8.251|11.561|Kangaba
707|Trokai|Lithuania|0|0|0|0|0|0|0|0|50|0|0|0|0|0|0|0|0|24.9501|54.6360|Trakai
708|Riobamba|Ecuador|0|0|0|0|0|0|0|0|50|0|0|0|0|0|0|0|0|-78.6154|-1.6525|Riobamba
709|Hormuz|Iran|0|0|0|0|0|0|0|50|50|50|0|0|0|0|0|0|0|56.2899|27.2025|Hormuz,_Iran
710|Kozhikode|India|0|0|0|0|0|0|0|0|50|0|0|0|0|0|75|0|0|75.7768|11.2828|Kozhikode
711|Trabzon|Turkey|0|0|0|0|0|0|0|60|50|0|0|0|0|0|0|0|0|39.7366|40.9616|Trabzon
712|Karaman|Turkey|0|0|0|0|0|0|0|0|50|0|0|0|0|0|0|0|0|33.2184|37.1957|Karaman
713|Bago|Myanmar|0|0|0|0|0|0|0|0|50|60|0|0|0|0|0|0|0|96.0934|18.1635|Bago,_Myanmar
714|Luang Prabang|Laos|0|0|0|0|0|0|0|0|50|0|0|0|0|0|0|0|0|102.1436|19.8816|Luang_Prabang
715|Toledo|Spain|0|0|0|0|0|0|0|0|50|60|60|90|90|100|131|0|0|-4.0304|39.8721|Toledo,_Spain
716|Novogrod|Russia|0|0|0|0|0|0|0|0|50|0|0|0|0|0|0|0|0|31.2787|58.5251|Veliky_Novgorod
717|Vijaya|Vietnam|0|0|0|0|0|0|0|40|50|0|0|0|0|0|0|0|0|109.2269|13.8583|Vijaya_(Champa)
718|Bologna|Italy|0|0|0|0|0|0|0|40|0|55|62|63|66|71|132|345|0|11.3315|44.5048|Bologna
719|Sukhothai|Thailand|0|0|0|0|0|0|0|40|0|0|0|0|0|0|0|0|0|99.6779|17.0470|Sukhothai_(city)
720|Turpan|China|0|0|0|0|0|0|0|40|0|60|0|0|0|0|0|0|0|89.1246|42.9959|Turpan
721|Edirne|Turkey|0|0|0|0|0|0|0|0|90|127|150|85|80|85|81|0|0|26.5466|41.6762|Edirne
722|Mandu|India|0|0|0|0|0|0|0|0|0|70|0|0|0|0|0|0|0|75.6275|22.2566|Mandu,_Madhya_Pradesh
723|Ahmednagar|India|0|0|0|0|0|0|0|0|0|60|75|0|0|0|0|0|0|74.4446|19.0485|Ahmednagar
724|Xuzhou|China|0|0|0|0|0|0|0|0|0|55|65|75|75|0|0|339|0|117.2145|34.2595|Xuzhou
725|Smolensk|Russia|0|0|0|0|0|0|0|0|0|50|0|0|0|0|0|0|0|32.0541|54.8095|Smolensk
726|Burhanpur|India|0|0|0|0|0|0|0|0|0|50|0|0|0|0|0|0|0|76.1387|21.1468|Burhanpur
727|Chittor|India|0|0|0|0|0|0|0|0|0|50|0|0|0|0|0|0|0|74.7898|26.2366|Chittorgarh
728|Târgoviște|Romania|0|0|0|0|0|0|0|0|0|50|0|0|0|0|0|0|0|25.5932|44.8873|Târgoviște
729|Jaunpur|India|0|0|0|0|0|0|0|0|0|50|0|0|0|0|0|0|0|82.6587|25.7265|Jaunpur,_Uttar_Pradesh
730|Saptagram|India|0|0|0|0|0|0|0|0|0|50|0|0|0|0|0|0|0|88.3856|22.9064|Saptagram
731|Rakhine|Myanmar|0|0|0|0|0|0|0|0|0|50|90|70|0|0|0|0|0|93.0713|20.5491|History_of_Rakhine
732|Nanchang|China|0|0|0|0|0|0|0|0|0|50|0|0|0|75|150|266|0|115.9500|28.6044|Nanchang
733|Pskov|Russia|0|0|0|0|0|0|0|0|0|45|0|0|0|0|0|0|0|28.3424|57.8197|Pskov
734|Thatta|Pakistan|0|0|0|0|0|0|0|0|0|45|0|0|0|0|0|0|0|67.9988|24.7385|Thatta
735|Agra|India|0|0|0|0|0|0|0|0|0|0|500|70|60|108|186|364|0|78.0154|27.1262|Agra
736|Bijapur|India|0|0|0|0|0|0|0|0|0|0|200|0|0|0|0|0|0|75.9401|16.7647|Bijapur
737|Potosi|Bolivia|0|0|0|0|0|0|0|0|0|0|105|82|0|0|0|0|0|-65.7284|-20.0019|Potosi
738|Shizuoka|Japan|0|0|0|0|0|0|0|0|0|0|100|0|0|0|0|0|0|138.5498|35.1300|Shizuoka,_Shizuoka
739|Yamaguchi|Japan|0|0|0|0|0|0|0|0|0|0|80|0|0|0|0|0|0|131.7994|34.0995|Yamaguchi,_Yamaguchi
740|Rajmahal|India|0|0|0|0|0|0|0|0|0|0|80|0|0|0|0|0|0|87.8302|25.0354|Rajmahal
741|Surat|India|0|0|0|0|0|0|0|0|0|0|75|0|120|99|128|218|0|72.7893|21.1835|Surat
742|Udaipur|India|0|0|0|0|0|0|0|0|0|0|72|0|0|0|0|0|0|73.4894|24.5585|Udaipur
743|Messina|Italy|0|0|0|0|0|0|0|0|0|0|63|0|0|66|93|0|0|15.5531|38.1975|Messina
744|Penukonda|India|0|0|0|0|0|0|0|0|0|0|60|0|0|0|0|0|0|77.6057|14.1575|Penukonda
745|Ngazargamu|Nigeria|0|0|0|0|0|0|0|0|0|0|60|50|50|0|0|0|0|13.2839|13.2536|Ngazargamu
746|Qazvin|Iran|0|0|0|0|0|0|0|0|0|0|60|60|0|0|0|0|0|50.2129|36.0286|Qazvin
747|Edo|Japan|0|0|0|0|0|0|0|0|0|0|60|668|685|780|0|0|0|139.6621|35.4946|Edo
748|Hugly|India|0|0|0|0|0|0|0|0|0|0|60|0|0|0|0|0|0|87.9471|22.5071|Hugli-Chuchura
749|Taungoo|Myanmar|0|0|0|0|0|0|0|0|0|0|60|0|0|0|0|0|0|96.4743|18.9328|Taungoo
750|Katsina|Nigeria|0|0|0|0|0|0|0|0|0|0|60|70|0|0|0|0|0|7.6854|12.9908|Katsina
751|Aurangabad|India|0|0|0|0|0|0|0|0|0|0|0|200|0|0|0|0|0|84.3647|24.7517|Aurangabad,_Bihar
752|Gondar|Ethiopia|0|0|0|0|0|0|0|0|0|0|60|72|80|70|0|0|0|37.4734|12.6449|Gondar
753|Kanazawa|Japan|0|0|0|0|0|0|0|0|0|0|0|67|60|116|87|252|0|136.6912|36.6040|Kanazawa
754|Sendai|Japan|0|0|0|0|0|0|0|0|0|0|0|61|62|50|90|341|0|140.8589|38.2283|Sendai
755|Zhenjiang|China|0|0|0|0|0|0|0|0|0|0|0|68|60|0|0|0|0|119.5557|32.2665|Zhenjiang
756|Murshidabad|India|0|0|0|0|0|0|0|0|0|0|0|0|190|96|0|0|0|87.7460|24.6103|Murshidabad
757|Amarapura|Myanmar|0|0|0|0|0|0|0|0|0|0|0|0|175|90|0|0|0|96.0107|21.8549|Amarapura
758|Surakarta|Indonesia|0|0|0|0|0|0|0|0|0|0|0|0|95|103|109|330|0|110.9558|-7.4207|Surakarta
759|Vadodara|India|0|0|0|0|0|0|0|0|0|0|0|0|83|100|105|208|0|73.1999|22.3781|Vadodara
760|Jodhpur|India|0|0|0|0|0|0|0|0|0|0|0|0|75|0|0|0|0|73.0966|26.2559|Jodhpur
761|Bharatpur|India|0|0|0|0|0|0|0|0|0|0|0|0|75|0|0|0|0|77.4458|27.0977|Bharatpur,_Rajasthan
762|Kagoshima|Japan|0|0|0|0|0|0|0|0|0|0|0|0|67|72|90|229|0|130.5452|31.5971|Kagoshima
763|Farrukhabad|India|0|0|0|0|0|0|0|0|0|0|0|0|66|68|0|0|0|79.5039|27.5161|Farrukhabad
764|Bristol|United Kingdom|0|0|0|0|0|0|0|0|0|0|0|0|66|150|320|440|0|-2.5813|51.4565|Bristol
765|Xiamen|China|0|0|0|0|0|0|0|0|0|0|0|0|65|75|100|0|0|118.8752|25.1136|Xiamen
766|Bareilly|India|0|0|0|0|0|0|0|0|0|0|0|0|65|101|130|0|0|79.3358|28.4137|Bareilly
767|Mysore|India|0|0|0|0|0|0|0|0|0|0|0|0|62|0|0|240|0|76.7407|12.2951|Mysore
768|Jehol|China|0|0|0|0|0|0|0|0|0|0|0|0|60|0|0|0|0|117.8815|40.9695|Chengde
769|Verona|Italy|0|0|0|0|0|0|0|0|0|0|0|0|55|0|0|0|0|10.9971|45.4452|Verona
770|Kaliningrad|Russia|0|0|0|0|0|0|0|0|0|0|0|0|53|76|189|0|0|20.5195|54.7188|Kaliningrad
771|Cork|Ireland|0|0|0|0|0|0|0|0|0|0|0|0|53|89|76|0|0|-8.4752|51.9052|Cork_(city)
772|Guanajugato|Mexico|0|0|0|0|0|0|0|0|0|0|0|0|53|0|0|377|0|-101.0750|21.0039|Guanajugato
773|Wakayama|Japan|0|0|0|0|0|0|0|0|0|0|0|0|53|0|0|0|0|135.2053|34.2464|Wakayama,_Wakayama
774|Brest|France|0|0|0|0|0|0|0|0|0|0|0|0|0|70|103|0|0|-4.4763|48.3848|Brest,_France
775|Toulon|France|0|0|0|0|0|0|0|0|0|0|0|0|0|68|78|0|0|5.9380|43.1348|Toulon
776|Roubaix|France|0|0|0|0|0|0|0|0|0|0|0|0|0|70|267|0|0|3.1754|50.6943|Roubaix
777|Wolverhampton|United Kingdom|0|0|0|0|0|0|0|0|0|0|0|0|0|114|0|0|0|-2.1268|52.5892|Wolverhampton
778|Newcastle|United Kingdom|359033|0|0|0|0|0|0|0|0|0|0|0|0|110|615|830|359|-1.6262|54.9764|Newcastle_upon_Tyne
779|Plymouth|United Kingdom|0|0|0|0|0|0|0|0|0|0|0|0|0|100|179|228|0|-4.1353|50.3785|Plymouth
780|Bradford|United Kingdom|0|0|0|0|0|0|0|0|0|0|0|0|0|99|303|330|0|-1.7501|53.7972|Bradford
781|Nottingham|United Kingdom|0|0|0|0|0|0|0|0|0|0|0|0|0|93|237|434|0|-1.1544|52.9562|Nottingham
782|Portsmouth|United Kingdom|0|0|0|0|0|0|0|0|0|0|0|0|0|77|212|0|0|-1.1135|50.7954|Portsmouth
783|Dundee|United Kingdom|0|0|0|0|0|0|0|0|0|0|0|0|0|77|160|0|0|-2.9707|56.4779|Dundee
784|Aberdeen|United Kingdom|0|0|0|0|0|0|0|0|0|0|0|0|0|71|150|0|0|-2.0888|57.1670|Aberdeen
785|Stoke-on-Trent|United Kingdom|0|0|0|0|0|0|0|0|0|0|0|0|0|82|205|0|0|-2.1893|53.0083|Stoke-on-Trent
786|Malaga|Spain|0|0|0|0|0|0|0|0|0|0|0|0|0|75|117|218|0|-4.4266|36.7357|Malaga
787|Kemerovo|Russia|0|0|0|0|0|0|0|0|0|0|0|0|0|0|0|202|0|85.9293|55.4232|Kemerovo
788|Catania|Italy|0|0|0|0|0|0|0|0|0|0|0|0|0|62|138|299|0|15.0590|37.4959|Catania
789|Livorno|Italy|0|0|0|0|0|0|0|0|0|0|0|0|0|84|78|0|0|10.3102|43.5644|Livorno
790|Saratov|Russia|0|0|0|0|0|0|0|0|0|0|0|0|0|59|163|475|863|45.9629|51.5727|Saratov
791|Ilorin|Nigeria|0|0|0|0|0|0|0|0|0|0|0|0|0|70|0|0|0|4.5696|8.6477|Ilorin
792|Zanzibar|Tanzania|0|0|0|0|0|0|0|0|0|0|0|0|0|60|0|0|0|39.2582|-6.1812|Zanzibar_City
793|Gliwice|Poland|0|0|0|0|0|0|0|0|0|0|0|0|0|0|386|0|0|18.6763|50.3014|Gliwice
794|Wuppertal|Germany|0|0|0|0|0|0|0|0|0|0|0|0|0|0|298|363|0|7.1764|51.2630|Wuppertal
795|Hanover|Germany|0|0|0|0|0|0|0|0|0|0|0|0|0|0|286|0|0|9.7256|52.3841|Hanover
796|Nurnberg|Germany|0|0|0|0|0|0|0|0|0|0|0|0|0|0|261|479|490|11.0777|49.4444|Nurnberg
797|Kingston_upon_Hull|United Kingdom|0|0|0|0|0|0|0|0|0|0|0|0|0|83|236|299|0|-0.3278|53.7436|Kingston_upon_Hull
798|Magdeburg|Germany|0|0|0|0|0|0|0|0|0|0|0|0|0|0|229|236|0|11.6315|52.1316|Magdeburg
799|Stuttgart|Germany|600360|0|0|0|0|0|0|0|0|0|0|0|0|0|224|515|600|9.1806|48.7804|Stuttgart
800|Düsseldorf|Germany|576470|0|0|0|0|0|0|0|0|0|0|0|0|0|213|570|576|6.7885|51.2329|Düsseldorf
801|Providence|USA|621866|0|0|0|0|0|0|0|0|0|0|0|0|0|248|551|621|-71.3892|41.8312|Providence,_Rhode_Island
802|Louisville|USA|0|0|0|0|0|0|0|0|0|0|0|0|0|0|236|472|257|-85.7337|38.2515|Louisville,_Kentucky
803|Szczecin|Poland|0|0|0|0|0|0|0|0|0|0|0|0|0|0|210|0|0|14.5421|53.4226|Szczecin
804|Leicester|United Kingdom|0|0|0|0|0|0|0|0|0|0|0|0|0|0|207|285|0|-1.1339|52.6413|Leicester
805|Chemnitz|Germany|0|0|0|0|0|0|0|0|0|0|0|0|0|0|206|0|0|12.9163|50.8294|Chemnitz
806|Mannheim|Germany|0|0|0|0|0|0|0|0|0|0|0|0|0|0|203|421|0|8.4647|49.4830|Mannheim
807|Mainz|Germany|0|0|0|0|0|0|0|0|0|0|0|0|0|0|193|0|0|8.2582|50.0006|Mainz
808|Indianapolis|USA|0|0|0|0|0|0|0|0|0|0|0|0|0|0|169|502|781|-86.1437|39.7782|Indianapolis
809|Bolton|United Kingdom|0|0|0|0|0|0|0|0|0|0|0|0|0|0|168|0|0|-2.4280|53.5769|Bolton
810|Brighton|United Kingdom|0|0|0|0|0|0|0|0|0|0|0|0|0|0|158|305|0|-0.1297|50.8370|Brighton
811|Halle|Germany|0|0|0|0|0|0|0|0|0|0|0|0|0|0|156|222|0|11.9830|51.4785|Halle
812|Omaha|Nebrasca|0|0|0|0|0|0|0|0|0|0|0|0|0|0|154|308|0|-96.0120|41.2661|Omaha,_Nebraska
813|Zürich|Switzerland|0|0|0|0|0|0|0|0|0|0|0|0|0|0|150|405|0|8.5438|47.3780|Zürich
814|Saint-Étienne|France|0|0|0|0|0|0|0|0|0|0|0|0|0|0|138|0|0|4.3871|45.4386|Saint-Étienne
815|Aachen|Germany|0|0|0|0|0|0|0|0|0|0|0|0|0|0|135|0|0|6.0865|50.7782|Aachen
816|Braunschweig|Germany|0|0|0|0|0|0|0|0|0|0|0|0|0|0|128|223|0|10.5246|52.2690|Braunschweig
817|Blackburn|United Kingdom|0|0|0|0|0|0|0|0|0|0|0|0|0|0|126|0|0|-2.4767|53.7523|Blackburn
818|Preston|United Kingdom|0|0|0|0|0|0|0|0|0|0|0|0|0|0|120|0|0|-2.6960|53.7621|Preston,_Lancashire
819|Meerut|India|0|0|0|0|0|0|0|0|0|0|0|0|0|0|118|229|0|77.6563|28.9678|Meerut
820|Worchester|United States|0|0|0|0|0|0|0|0|0|0|0|0|0|0|118|213|0|-71.8134|42.2709|Worcester,_Massachusetts
821|Kiel|Germany|0|0|0|0|0|0|0|0|0|0|0|0|0|0|117|254|0|10.1227|54.3313|Kiel
822|Poznań|Poland|0|0|0|0|0|0|0|0|0|0|0|0|0|0|117|342|550|16.9091|52.3991|Poznań
823|Derby|United Kingdom|0|0|0|0|0|0|0|0|0|0|0|0|0|0|112|0|0|-1.4828|52.9256|Derby
824|New Haven|United States|0|0|0|0|0|0|0|0|0|0|0|0|0|0|113|237|0|-72.9252|41.3107|New_Haven,_Connecticut
825|Geneva|Switzerland|0|0|0|0|0|0|0|0|0|0|0|0|0|0|112|0|0|6.1401|46.2054|Geneva
826|Norwich|United Kingdom|0|0|0|0|0|0|0|0|0|0|0|0|0|0|110|0|0|1.3008|52.6337|Norwich
827|Rochester|United Kingdom|0|0|0|0|0|0|0|0|0|0|0|0|0|0|110|0|0|0.5056|51.3876|Rochester,_Kent
828|Tula|Russia|0|0|0|0|0|0|0|0|0|0|0|0|0|0|109|304|0|37.6196|54.1922|Tula,_Russia
829|Basel|Switzerland|0|0|0|0|0|0|0|0|0|0|0|0|0|0|109|247|0|7.5879|47.5440|Basel
830|Krefeld|Germany|0|0|0|0|0|0|0|0|0|0|0|0|0|0|109|0|0|6.5600|51.3364|Krefeld
831|Reims|France|0|0|0|0|0|0|0|0|0|0|0|0|0|0|108|0|0|4.0347|49.2606|Reims
832|Syracuse|United States|0|0|0|0|0|0|0|0|0|0|0|0|0|0|108|264|0|-76.1429|43.0449|Syracuse,_New_York
833|Kassel|Germany|0|0|0|0|0|0|0|0|0|0|0|0|0|0|106|0|0|9.5080|51.3177|Kassel
834|Halifax|United Kingdom|0|0|0|0|0|0|0|0|0|0|0|0|0|0|104|0|0|-1.8656|53.7237|Halifax,_West_Yorkshire
835|Paterson|United States|0|0|0|0|0|0|0|0|0|0|0|0|0|0|105|0|0|-74.1647|40.9171|Paterson,_New_Jersey
836|Fall River|United States|0|0|0|0|0|0|0|0|0|0|0|0|0|0|104|0|0|-71.1046|41.7151|Fall_River,_Massachusetts
837|Nice|France|0|0|0|0|0|0|0|0|0|0|0|0|0|0|103|220|0|7.2613|43.7139|Nice
838|Utrecht|Nedherlands|0|0|0|0|0|0|0|0|0|0|0|0|0|0|104|274|0|5.1063|52.0977|Utrecht
839|St. Joseph|United States|0|0|0|0|0|0|0|0|0|0|0|0|0|0|102|0|0|-94.8263|39.7660|St._Joseph,_Missouri
840|Southampton|United Kingdom|0|0|0|0|0|0|0|0|0|0|0|0|0|0|102|210|0|-1.3980|50.9035|Southampton
841|Augsburg|Germany|0|0|0|0|0|0|0|0|0|0|0|0|0|0|102|212|0|10.8945|48.3714|Augsburg
842|Szeged|Hungary|0|0|0|0|0|0|0|0|0|0|0|0|0|0|100|0|0|20.1515|46.2610|Szeged
843|Albany|United States|0|0|0|0|0|0|0|0|0|0|0|0|0|0|99|291|0|-73.7992|42.6653|Albany,_New_York
844|Indore|India|0|0|0|0|0|0|0|0|0|0|0|0|0|0|97|304|0|75.8472|22.7166|Indore
845|Karlsruhe|Germany|0|0|0|0|0|0|0|0|0|0|0|0|0|0|97|0|0|8.3859|49.0093|Karlsruhe
846|Helsingor|Denmark|0|0|0|0|0|0|0|0|0|0|0|0|0|0|97|0|0|12.5987|56.0317|Helsingor
847|Huddersfield|United Kingdom|0|0|0|0|0|0|0|0|0|0|0|0|0|0|95|0|0|-1.7901|53.6505|Huddersfield
848|Mykolaiv|Ukraine|0|0|0|0|0|0|0|0|0|0|0|0|0|0|95|0|0|32.0329|46.9677|Mykolaiv
849|Lowell|United States|0|0|0|0|0|0|0|0|0|0|0|0|0|0|94|0|0|-71.3220|42.6428|Lowell,_Massachusetts
850|Swansea|United Kingdom|0|0|0|0|0|0|0|0|0|0|0|0|0|0|91|0|0|-3.9391|51.6226|Swansea
851|Gladbach|Germany|0|0|0|0|0|0|0|0|0|0|0|0|0|0|92|203|0|7.1341|50.9916|Gladbach
852|Amiens|France|0|0|0|0|0|0|0|0|0|0|0|0|0|0|90|0|0|2.2919|49.8968|Amiens
853|Mulhouse|France|0|0|0|0|0|0|0|0|0|0|0|0|0|0|89|0|0|7.3354|47.7533|Mulhouse
854|Hartford|United States|0|0|0|0|0|0|0|0|0|0|0|0|0|0|89|270|0|-72.6819|41.7694|Hartford,_Connecticut
855|Springfield|United States|0|0|0|0|0|0|0|0|0|0|0|0|0|0|88|349|0|-72.5420|42.1190|Springfield,_Massachusetts
856|Grand Rapids|United States|0|0|0|0|0|0|0|0|0|0|0|0|0|0|87|220|0|-85.6582|42.9588|Grand_Rapids,_Michigan
857|Nancy|France|0|0|0|0|0|0|0|0|0|0|0|0|0|0|87|0|0|6.1832|48.6981|Nancy,_France
858|Multan|Pakistan|0|0|0|0|0|0|0|0|0|0|0|0|0|0|87|0|0|71.4024|30.2598|Multan
859|Kokand|Uzbekistan|0|0|0|0|0|0|0|0|0|0|0|0|0|0|86|0|0|70.8968|40.5356|Kokand
860|Northampton|United Kingdom|0|0|0|0|0|0|0|0|0|0|0|0|0|0|85|0|0|-0.8878|52.2340|Northampton
861|Dayton|United States|0|0|0|0|0|0|0|0|0|0|0|0|0|0|85|345|0|-84.2000|39.7801|Dayton,_Ohio
862|Richmond|United States|0|0|0|0|0|0|0|0|0|0|0|0|0|0|85|257|0|-77.4748|37.5315|Richmond,_Virginia
863|Erfurt|Germany|0|0|0|0|0|0|0|0|0|0|0|0|0|0|85|0|0|11.0323|50.9688|Erfurt
864|Voronezh|Russia|0|0|0|0|0|0|0|0|0|0|0|0|0|0|84|370|0|39.2061|51.6610|Voronezh
865|Limoges|France|0|0|0|0|0|0|0|0|0|0|0|0|0|0|84|0|0|1.2596|45.8233|Limoges
866|Duluth|United States|0|0|0|0|0|0|0|0|0|0|0|0|0|0|84|0|0|-92.1200|46.7804|Duluth,_Minnesota
867|Angers|France|0|0|0|0|0|0|0|0|0|0|0|0|0|0|82|0|0|-0.5501|47.4688|Angers
868|Lubeck|Germany|0|0|0|0|0|0|0|0|0|0|0|0|0|0|82|237|0|10.6940|53.8722|Lubeck
869|Subotica|Serbia|0|0|0|0|0|0|0|0|0|0|0|0|0|0|81|0|0|19.6625|46.1013|Subotica
870|Wenzhou|China|0|0|0|0|0|0|0|0|0|0|0|0|0|0|80|0|0|120.5397|28.0897|Wenzhou
871|Wuhu|China|0|0|0|0|0|0|0|0|0|0|0|0|0|0|80|0|0|118.3755|31.3680|Wuhu
872|Görlitz|Germany|0|0|0|0|0|0|0|0|0|0|0|0|0|0|80|0|0|14.9728|51.1565|Görlitz
873|Nashville|United States|0|0|0|0|0|0|0|0|0|0|0|0|0|0|80|252|0|-86.7871|36.1711|Nashville,_Tennessee
874|Hakodate|Japan|0|0|0|0|0|0|0|0|0|0|0|0|0|0|80|229|0|140.6766|41.8454|Hakodate,_Hokkaido
875|Zhytomyr|Ukraine|0|0|0|0|0|0|0|0|0|0|0|0|0|0|80|0|0|28.6798|50.2664|Zhytomyr
876|Mirzapur|India|0|0|0|0|0|0|0|0|0|0|0|0|0|0|80|0|0|82.5136|25.1423|Mirzapur
877|Ambala|India|0|0|0|0|0|0|0|0|0|0|0|0|0|0|78|0|0|76.9653|29.6560|Ambala
878|Iasi|Romania|0|0|0|0|0|0|0|0|0|0|0|0|0|0|78|0|0|27.5942|47.1605|Iasi
879|Bari|Italy|0|0|0|0|0|0|0|0|0|0|0|0|0|0|77|271|0|16.8524|41.1228|Bari
880|Reading|United Kingdom|0|0|0|0|0|0|0|0|0|0|0|0|0|0|76|0|0|-0.9754|51.4510|Reading,_Berkshire
881|Wilmington|United States|0|0|0|0|0|0|0|0|0|0|0|0|0|0|76|0|0|-83.8305|39.4435|Wilmington,_Ohio
882|Plauen|Germany|0|0|0|0|0|0|0|0|0|0|0|0|0|0|76|0|0|12.1421|50.4950|Plauen
883|Bhopal|India|0|0|0|0|0|0|0|0|0|0|0|0|0|0|76|0|0|77.3647|23.2982|Bhopal
884|York|United Kingdom|0|0|0|0|0|0|0|0|0|0|0|0|0|0|76|0|0|-1.0790|53.9616|York
885|Tirunelveli|India|0|0|0|0|0|0|0|0|0|0|0|0|0|0|76|0|0|77.7651|8.8766|Tirunelveli
886|Yaroslavl|Russia|0|0|0|0|0|0|0|0|0|0|0|0|0|0|76|328|0|39.8770|57.6019|Yaroslavl
887|Ogbomosho|Nigeria|0|0|0|0|0|0|0|0|0|0|0|0|0|0|75|0|0|4.2640|8.2182|Ogbomosho
888|Montpellier|France|0|0|0|0|0|0|0|0|0|0|0|0|0|0|75|0|0|3.8719|43.6101|Montpellier
889|Saarbrucken|Germany|0|0|0|0|0|0|0|0|0|0|0|0|0|0|75|209|0|6.9957|49.2339|Saarbrucken
890|Wurzburg|Germany|0|0|0|0|0|0|0|0|0|0|0|0|0|0|75|0|0|9.9353|49.7948|Wurzburg
891|Fyzabad|India|0|0|0|0|0|0|0|0|0|0|0|0|0|0|75|0|0|82.0718|26.7744|Fyzabad
892|Bhagalpur|India|0|0|0|0|0|0|0|0|0|0|0|0|0|0|75|0|0|86.8673|25.2479|Bhagalpur
893|Serampore|India|0|0|0|0|0|0|0|0|0|0|0|0|0|0|75|0|0|88.3378|22.7504|Serampore
894|Kirin|Japan|0|0|0|0|0|0|0|0|0|0|0|0|0|0|75|0|0|133.3240|35.1945
895|Rennes|France|0|0|0|0|0|0|0|0|0|0|0|0|0|0|74|0|0|-1.6692|48.1023|Rennes
896|Murcia|Spain|0|0|0|0|0|0|0|0|0|0|0|0|0|0|74|206|0|-1.1308|37.9828|Murcia
897|Vitebsk|Belarus|0|0|0|0|0|0|0|0|0|0|0|0|0|0|74|0|0|30.2034|55.1783|Vitebsk
898|Daugavpils|Latvia|0|0|0|0|0|0|0|0|0|0|0|0|0|0|73|0|0|26.5446|55.8685|Daugavpils
899|Moradabad|India|0|0|0|0|0|0|0|0|0|0|0|0|0|0|74|0|0|78.8163|28.7805|Moradabad
900|Ajmer|India|0|0|0|0|0|0|0|0|0|0|0|0|0|0|73|0|0|74.3202|26.5049|Ajmer
901|Trenton|United States|0|0|0|0|0|0|0|0|0|0|0|0|0|0|73|0|0|-74.7634|40.2237|Trenton,_New_Jersey
902|Kherson|Ukraine|0|0|0|0|0|0|0|0|0|0|0|0|0|0|73|0|0|32.5866|46.6775|Kherson
903|Nimes|France|0|0|0|0|0|0|0|0|0|0|0|0|0|0|72|0|0|4.3635|43.8424|Nimes
904|Debrecen|Hungary|0|0|0|0|0|0|0|0|0|0|0|0|0|0|72|0|0|21.6223|47.5333|Debrecen
905|Katowice|Poland|345109|0|0|0|0|0|0|0|0|0|0|0|0|0|0|885|345|19.0278|50.2640|Katowice
906|Shimonoseki|Japan|280453|0|0|0|0|0|0|0|0|0|0|0|0|0|0|750|280|130.9777|33.9996|Shimonoseki
907|Mons|Belgium|91000|0|0|0|0|0|0|0|0|0|0|0|0|0|0|647|91|3.9508|50.4568|Mons
908|Kuzbass|Russia|0|0|0|0|0|0|0|0|0|0|0|0|0|0|0|500|300|86.5522|54.1853|Kuznetsk_Basin
909|Scranton|United States|0|0|0|0|0|0|0|0|0|0|0|0|0|0|0|480|77|-75.6668|41.4053|Scranton,_Pennsylvania
910|Hanover|Germany|0|0|0|0|0|0|0|0|0|0|0|0|0|0|0|469|524|9.7223|52.3827|Hanover
911|Rhondda|United Kingdom|0|0|0|0|0|0|0|0|0|0|0|0|0|0|0|450|0|-3.4143|51.6190|Rhondda
912|Birmingham|United States|0|0|0|0|0|0|0|0|0|0|0|0|0|0|0|445|228|-86.7987|33.5300|Birmingham
913|Volgograd|Russia|0|0|0|0|0|0|0|0|0|0|0|0|0|0|0|415|0|44.5092|48.7240|Volgograd
914|Toledo|United States|0|0|0|0|0|0|0|0|0|0|0|0|0|0|0|363|0|-83.5828|41.6648|Toledo,_Ohio
915|Akron|United States|0|0|0|0|0|0|0|0|0|0|0|0|0|0|0|351|0|-81.5214|41.0812|Akron,_Ohio
916|Wiesbaden|Germany|0|0|0|0|0|0|0|0|0|0|0|0|0|0|0|335|0|8.2424|50.0770|Wiesbaden
917|Zaporizhia|Ukraine|0|0|0|0|0|0|0|0|0|0|0|0|0|0|0|330|0|35.1090|47.8580|Zaporizhia
918|Allahabad|India|0|0|0|0|0|0|0|0|0|0|0|0|0|0|172|328|0|81.8858|25.4376|Allahabad
919|Fort Worth|United States|0|0|0|0|0|0|0|0|0|0|0|0|0|0|0|314|0|-97.3389|32.7544|Fort_Worth,_Texas
920|La Plata|Argentina|0|0|0|0|0|0|0|0|0|0|0|0|0|0|0|295|0|-57.5035|-35.1004|La_Plata
921|Youngstown|United States|0|0|0|0|0|0|0|0|0|0|0|0|0|0|0|292|0|-80.6469|41.0983|Youngstown,_Ohio
922|Portsmouth|United Kingdom|0|0|0|0|0|0|0|0|0|0|0|0|0|0|0|291|0|-1.1598|50.7869|Portsmouth
923|Makassar|Indonesia|0|0|0|0|0|0|0|0|0|0|0|0|0|0|0|290|0|119.4939|-5.0317|Makassar
924|Krasnoyarsk|Russia|0|0|0|0|0|0|0|0|0|0|0|0|0|0|0|275|0|92.9321|56.0595|Krasnoyarsk
925|Ivanovo|Russia|0|0|0|0|0|0|0|0|0|0|0|0|0|0|0|275|0|40.9742|57.0188|Ivanovo
926|Horlivka|Ukraine|0|0|0|0|0|0|0|0|0|0|0|0|0|0|0|270|0|38.0598|48.3333|Horlivka
927|Kumamoto|Japan|0|0|0|0|0|0|0|0|0|0|0|0|0|0|0|267|0|130.6755|32.8038|Kumamoto
928|Syracuse|United States|0|0|0|0|0|0|0|0|0|0|0|0|0|0|0|264|0|-76.1486|43.0475|Syracuse,_New_York
929|Sholapur|India|0|0|0|0|0|0|0|0|0|0|0|0|0|0|0|261|0|76.0110|17.4048|Sholapur
930|Kryvyi Rih|Ukraine|0|0|0|0|0|0|0|0|0|0|0|0|0|0|0|260|0|33.3669|47.8906|Kryvyi_Rih
931|Lens|France|0|0|0|0|0|0|0|0|0|0|0|0|0|0|0|260|0|2.8693|50.4873|Lens,_Pas-de-Calais
932|Shantou|China|0|0|0|0|0|0|0|0|0|0|0|0|0|0|0|258|0|116.8375|23.4755|Shantou
933|Jabalpur|India|0|0|0|0|0|0|0|0|0|0|0|0|0|0|0|252|0|79.8959|23.1350|Jabalpur
934|Coventry|United Kingdom|0|0|0|0|0|0|0|0|0|0|0|0|0|0|0|252|0|-1.5068|52.4108|Coventry
935|Malang|Indonesia|0|0|0|0|0|0|0|0|0|0|0|0|0|0|0|250|0|112.6141|-7.9549|Malang
936|Nizhny Tagil|Russia|0|0|0|0|0|0|0|0|0|0|0|0|0|0|0|245|0|60.0366|57.9785|Nizhny_Tagil
937|Ekaterinodar|Russia|0|0|0|0|0|0|0|0|0|0|0|0|0|0|0|240|0|38.9794|45.0278|Ekaterinodar
938|Bournemouth|United Kingdom|0|0|0|0|0|0|0|0|0|0|0|0|0|0|0|238|0|-1.8633|50.7328|Bournemouth
939|Shizouka|Japan|0|0|0|0|0|0|0|0|0|0|0|0|0|0|0|238|0|138.4058|34.9892|Shizuoka,_Shizuoka
940|Bridgeport|United States|0|0|0|0|0|0|0|0|0|0|0|0|0|0|0|237|0|-73.1971|41.1876|Bridgeport,_Connecticut
941|Magnitogorsk|Russia|0|0|0|0|0|0|0|0|0|0|0|0|0|0|0|230|0|59.1369|53.4898|Magnitogorsk
942|Nantung|China|0|0|0|0|0|0|0|0|0|0|0|0|0|0|0|226|0|120.9558|31.9302|Nantung
943|Allentown|United States|0|0|0|0|0|0|0|0|0|0|0|0|0|0|0|225|0|-75.4786|40.5954|Allentown,_Pennsylvania
944|Izhevsk|Russia|0|0|0|0|0|0|0|0|0|0|0|0|0|0|0|225|0|53.1418|56.6827|Izhevsk
945|Sunderland|United Kingdom|0|0|0|0|0|0|0|0|0|0|0|0|0|0|0|223|0|-1.3837|54.9124|City_of_Sunderland
946|Niigata|Japan|0|0|0|0|0|0|0|0|0|0|0|0|0|0|0|220|0|139.0340|37.8982|Niigata,_Niigata
947|Barnaul|Russia|0|0|0|0|0|0|0|0|0|0|0|0|0|0|0|220|0|83.7625|53.3547|Barnaul
948|Tver|Russia|0|0|0|0|0|0|0|0|0|0|0|0|0|0|0|220|0|35.9249|56.8512|Tver
949|Luhansk|Ukraine|0|0|0|0|0|0|0|0|0|0|0|0|0|0|0|215|0|39.3188|48.5687|Luhansk
950|Tucuman|Argentina|0|0|0|0|0|0|0|0|0|0|0|0|0|0|0|214|0|-65.9226|-27.1932|San_Miguel_de_Tucuman
951|Haarlem|Netherlands|0|0|0|0|0|0|0|0|0|0|0|0|0|0|0|214|0|4.6379|52.3942|Haarlem
952|Jamshedpur|India|0|0|0|0|0|0|0|0|0|0|0|0|0|0|0|212|0|86.2302|22.7790|Jamshedpur
953|Himeji|Japan|0|0|0|0|0|0|0|0|0|0|0|0|0|0|0|212|0|134.7343|34.8060|Himeji,_Hyōgo
954|Gifu|Japan|0|0|0|0|0|0|0|0|0|0|0|0|0|0|0|211|0|136.7173|35.3841|Gifu,_Gifu
955|Grozny|Russia|0|0|0|0|0|0|0|0|0|0|0|0|0|0|0|208|0|45.6801|43.3245|Grozny
956|Orenburg|Russia|0|0|0|0|0|0|0|0|0|0|0|0|0|0|0|208|0|55.1057|51.7751|Orenburg
957|Port Said|Egypt|0|0|0|0|0|0|0|0|0|0|0|0|0|0|0|208|0|32.3013|31.2616|Port_Said
958|Prokopyevsk|Russia|0|0|0|0|0|0|0|0|0|0|0|0|0|0|0|205|0|86.8901|53.7425|Prokopyevsk
959|Tulsa|United States|0|0|0|0|0|0|0|0|0|0|0|0|0|0|0|205|0|-95.9165|36.1263|Tulsa,_Oklahoma
960|Penza|Russia|0|0|0|0|0|0|0|0|0|0|0|0|0|0|0|203|0|45.0127|53.1961|Penza
